acc.x,acc.y,acc.z,gyro.x,gyro.y,gyro.z
-0.066162109375, -0.817779541015625, -0.88201904296875, -0.109588623046875, -0.114898681640625, -0.045440673828125
-0.19580078125, -0.9998779296875, -0.9229736328125, -0.149017333984375, -0.168212890625, -0.01190185546875
-0.9998779296875, -0.9998779296875, -0.588775634765625, -0.14483642578125, -0.282073974609375, 0.1756591796875
-0.9998779296875, 0.672821044921875, 0.9998779296875, -0.038177490234375, -0.23944091796875, 0.4935302734375
-0.9998779296875, 0.9998779296875, 0.9998779296875, 0.046417236328125, 0.17230224609375, 0.432342529296875
-0.9998779296875, 0.9998779296875, 0.9998779296875, 0.074371337890625, 0.462890625, 0.241729736328125
-0.502838134765625, 0.9998779296875, -0.9998779296875, -0.029815673828125, 0.42718505859375, 0.063629150390625
-0.46051025390625, 0.9998779296875, -0.9998779296875, -0.0029296875, 0.313812255859375, 0.009552001953125
-0.18133544921875, 0.83343505859375, -0.997528076171875, -0.069091796875, 0.12054443359375, -0.14044189453125
-0.192413330078125, 0.063812255859375, 0.421417236328125, -0.154876708984375, -0.01849365234375, -0.205108642578125
-0.1240234375, -0.108612060546875, 0.507232666015625, -0.115509033203125, 0.004974365234375, -0.19970703125
-0.040130615234375, -0.2332763671875, 0.162017822265625, -0.051727294921875, 0.068023681640625, -0.162200927734375
0.024261474609375, 0.040496826171875, -0.42041015625, -0.01971435546875, 0.062591552734375, -0.125274658203125
0.02471923828125, 0.00537109375, -0.35186767578125, -0.07171630859375, 0.02459716796875, -0.129638671875
0.052490234375, -0.112884521484375, -0.119720458984375, -0.09661865234375, -0.002197265625, -0.12799072265625
0.08917236328125, -0.1083984375, -0.08953857421875, -0.0902099609375, -0.001007080078125, -0.097503662109375
0.083160400390625, -0.08599853515625, -0.2197265625, -0.087066650390625, -0.023193359375, -0.08868408203125
0.0133056640625, -0.072723388671875, -0.411956787109375, -0.06195068359375, -0.0478515625, -0.085784912109375
-0.10760498046875, -0.37261962890625, -0.85260009765625, -0.04632568359375, -0.1339111328125, -0.086334228515625
-0.2410888671875, -0.602325439453125, -0.964599609375, -0.036834716796875, -0.183380126953125, -0.080108642578125
-0.718719482421875, -0.9998779296875, -0.9998779296875, -0.054412841796875, -0.309783935546875, -0.0263671875
-0.9998779296875, -0.9998779296875, 0.64056396484375, 0.145538330078125, -0.56365966796875, 0.300689697265625
-0.9998779296875, -0.9998779296875, 0.9998779296875, 0.126129150390625, -0.577392578125, 0.3565673828125
-0.9998779296875, -0.483673095703125, 0.9998779296875, 0.2064208984375, -0.45770263671875, 0.448333740234375
-0.13031005859375, 0.9998779296875, -0.341339111328125, -0.089874267578125, 0.15716552734375, 0.114898681640625
-0.05841064453125, 0.9998779296875, -0.253662109375, -0.206756591796875, 0.11651611328125, -0.03094482421875
-0.2130126953125, 0.1619873046875, 0.508331298828125, -0.268951416015625, 0.037139892578125, -0.190399169921875
-0.03814697265625, -0.522735595703125, 0.342926025390625, -0.048095703125, 0.068878173828125, -0.1142578125
0.015533447265625, -0.425994873046875, 0.180267333984375, -0.017913818359375, 0.077239990234375, -0.0782470703125
0.06134033203125, -0.214874267578125, -0.033599853515625, 0.0135498046875, 0.0721435546875, -0.031341552734375
0.096160888671875, 0.02850341796875, 0.031585693359375, 0.02423095703125, 0.025360107421875, -0.012603759765625
0.091827392578125, 0.041748046875, 0.0660400390625, 0.028076171875, 0.0177001953125, -0.01568603515625
0.081329345703125, 0.019317626953125, 0.107757568359375, 0.022796630859375, 0.00830078125, -0.024871826171875
0.071807861328125, -0.09375, 0.172698974609375, -0.026153564453125, -0.002410888671875, -0.02508544921875
0.077667236328125, -0.110198974609375, 0.21661376953125, -0.03765869140625, -0.001739501953125, -0.021881103515625
0.079803466796875, -0.088836669921875, 0.244140625, -0.050994873046875, 0.0006103515625, -0.014678955078125
0.076690673828125, -0.05224609375, 0.257659912109375, -0.04278564453125, 0.004425048828125, -0.007965087890625
0.063201904296875, -0.029266357421875, 0.26556396484375, -0.0186767578125, 0.005950927734375, -0.006134033203125
0.05731201171875, -0.0462646484375, 0.196624755859375, 0.001373291015625, 0.004364013671875, -0.00628662109375
0.065826416015625, -0.06640625, 0.22235107421875, -0.004913330078125, -0.005218505859375, -0.000396728515625
0.072723388671875, -0.06634521484375, 0.24432373046875, -0.00494384765625, -0.005767822265625, 0.001251220703125
0.071044921875, -0.0694580078125, 0.24237060546875, 0.003387451171875, -0.00299072265625, 0.00579833984375
0.07537841796875, -0.035675048828125, 0.2315673828125, 0.004241943359375, -0.00140380859375, 0.009735107421875
0.0780029296875, -0.015350341796875, 0.25244140625, 0.003753662109375, -0.001708984375, 0.009124755859375
0.08172607421875, 0.0009765625, 0.278778076171875, 0.003997802734375, -0.00146484375, 0.00506591796875
0.07110595703125, -0.0162353515625, 0.24267578125, -0.00634765625, 0.007598876953125, -0.00537109375
0.066619873046875, -0.021240234375, 0.226654052734375, -0.01556396484375, 0.0101318359375, -0.007537841796875
0.0692138671875, -0.037811279296875, 0.21044921875, -0.02252197265625, 0.010223388671875, -0.0111083984375
0.07208251953125, -0.054412841796875, 0.240997314453125, -0.025604248046875, 0.006927490234375, -0.011566162109375
0.073486328125, -0.065704345703125, 0.239776611328125, -0.024871826171875, 0.00811767578125, -0.00787353515625

-0.41021728515625, -0.9998779296875, 0.178741455078125, -0.073760986328125, -0.10833740234375, 0.130767822265625
-0.8603515625, 0.542694091796875, 0.9998779296875, 0.098663330078125, -0.03240966796875, 0.36871337890625
-0.931488037109375, 0.9998779296875, 0.9998779296875, 0.1339111328125, 0.092132568359375, 0.370758056640625
-0.9998779296875, 0.9998779296875, 0.9998779296875, 0.173553466796875, 0.346832275390625, 0.275634765625
-0.753082275390625, 0.615814208984375, -0.9998779296875, 0.0738525390625, 0.506591796875, 0.0516357421875
-0.464324951171875, 0.9813232421875, -0.9998779296875, 0.031707763671875, 0.430450439453125, 0.0601806640625
-0.228668212890625, 0.9998779296875, -0.9998779296875, 0.059478759765625, 0.23583984375, -0.01763916015625
-0.079681396484375, 0.1024169921875, -0.007720947265625, -0.1922607421875, -0.056427001953125, -0.147735595703125
0.008148193359375, 0.048553466796875, 0.3140869140625, -0.17156982421875, -0.062957763671875, -0.14349365234375
0.065673828125, -0.132476806640625, 0.422271728515625, -0.085418701171875, -0.01129150390625, -0.1243896484375
0.13592529296875, -0.010528564453125, -0.25274658203125, -0.012420654296875, 0.03167724609375, -0.073760986328125
0.150970458984375, -0.02337646484375, -0.255462646484375, -0.00115966796875, 0.008392333984375, -0.070648193359375
0.16558837890625, -0.052520751953125, -0.132232666015625, -0.015411376953125, -0.006744384765625, -0.065185546875
0.1695556640625, 0.015899658203125, 0.000823974609375, -0.075714111328125, -0.016754150390625, -0.057037353515625
0.16986083984375, 0.02093505859375, 0.01739501953125, -0.076751708984375, -0.017791748046875, -0.057220458984375
0.1795654296875, 0.017791748046875, 0.003265380859375, -0.0660400390625, -0.020660400390625, -0.06170654296875
0.16180419921875, -0.060455322265625, -0.07037353515625, -0.017822265625, -0.04388427734375, -0.065643310546875
0.15130615234375, -0.05364990234375, -0.08294677734375, -0.0205078125, -0.049163818359375, -0.0640869140625
0.120574951171875, 0.00274658203125, -0.09320068359375, -0.028564453125, -0.060516357421875, -0.06195068359375
0.076629638671875, 0.038665771484375, -0.131134033203125, -0.0638427734375, -0.08489990234375, -0.077545166015625
0.001251220703125, -0.010467529296875, -0.11944580078125, -0.069122314453125, -0.11090087890625, -0.082427978515625
-0.066558837890625, -0.131683349609375, -0.26116943359375, -0.059661865234375, -0.13836669921875, -0.08856201171875
-0.663665771484375, -0.9998779296875, -0.517822265625, 0.011871337890625, -0.3045654296875, -0.037811279296875
-0.942230224609375, -0.9998779296875, -0.302703857421875, 0.05364990234375, -0.354583740234375, 0.026153564453125
-0.9998779296875, -0.9998779296875, 0.24285888671875, 0.126739501953125, -0.42547607421875, 0.18951416015625
-0.9998779296875, -0.80712890625, 0.9998779296875, 0.249908447265625, -0.408294677734375, 0.4073486328125
-0.31646728515625, 0.9998779296875, 0.9998779296875, 0.08648681640625, -0.0938720703125, 0.349029541015625
-0.342041015625, 0.689849853515625, 0.21600341796875, -0.28729248046875, 0.14752197265625, -0.22650146484375
-0.400421142578125, -0.43023681640625, 0.592559814453125, -0.255706787109375, 0.138275146484375, -0.25286865234375
-0.198638916015625, -0.863037109375, 0.312103271484375, -0.1279296875, 0.143310546875, -0.198272705078125
0.012542724609375, -0.363006591796875, -0.268890380859375, 0.06500244140625, 0.086517333984375, 0.015594482421875
0.049072265625, -0.174560546875, -0.254913330078125, 0.053192138671875, 0.061737060546875, 0.03338623046875
0.09161376953125, 0.0208740234375, -0.138824462890625, 0.0242919921875, 0.0157470703125, 0.03009033203125
0.079864501953125, -0.039031982421875, 0.131195068359375, -0.014801025390625, -0.014251708984375, -0.00531005859375
0.06707763671875, -0.05816650390625, 0.17041015625, -0.033203125, -0.012420654296875, -0.010528564453125
0.087921142578125, -0.111358642578125, 0.237060546875, -0.053741455078125, -0.00439453125, -0.015899658203125
0.088592529296875, -0.05657958984375, 0.237030029296875, -0.05078125, 0.01019287109375, -0.009613037109375
0.008026123046875, -0.038848876953125, 0.24041748046875, -0.019195556640625, 0.00732421875, -0.010345458984375
0.117095947265625, -0.0772705078125, 0.2147216796875, 0.007110595703125, 0.00543212890625, -0.0087890625
0.102569580078125, -0.097259521484375, 0.178955078125, -0.000091552734375, 0.0087890625, -0.00830078125
0.077239990234375, -0.0997314453125, 0.167510986328125, -0.005279541015625, 0.007293701171875, -0.008056640625
0.09033203125, -0.0731201171875, 0.2545166015625, -0.0318603515625, 0.000823974609375, -0.003753662109375
0.08526611328125, -0.064788818359375, 0.3006591796875, -0.035491943359375, 0.007476806640625, -0.001678466796875
0.069915771484375, -0.1009521484375, 0.250518798828125, -0.005859375, 0.01263427734375, 0.00189208984375
-0.153167724609375, -0.103515625, 0.269378662109375, 0.006744384765625, 0.0126953125, 0.009063720703125
0.032440185546875, -0.106842041015625, 0.175689697265625, 0.008544921875, 0.007720947265625, 0.02020263671875
0.07037353515625, -0.06451416015625, 0.167877197265625, 0.0072021484375, 0.005950927734375, 0.02410888671875
-0.02197265625, -0.020965576171875, 0.243438720703125, 0.002716064453125, -0.000335693359375, 0.02081298828125
0.07427978515625, -0.06353759765625, 0.152557373046875, -0.012420654296875, -0.00946044921875, 0.00738525390625
0.07843017578125, -0.071624755859375, 0.179473876953125, -0.011444091796875, -0.016143798828125, 0.00634765625

-0.212249755859375, -0.998809814453125, 0.341522216796875, -0.054840087890625, -0.075714111328125, 0.130950927734375
-0.692413330078125, -0.996429443359375, 0.79522705078125, 0.01129150390625, -0.0777587890625, 0.285888671875
-0.911163330078125, 0.9991455078125, 0.9998779296875, 0.157867431640625, 0.055511474609375, 0.35784912109375
-0.709381103515625, 0.9998779296875, 0.9998779296875, 0.1663818359375, 0.36376953125, 0.148956298828125
-0.9996337890625, 0.9998779296875, 0.921417236328125, 0.090057373046875, 0.396942138671875, 0.028289794921875
-0.57781982421875, -0.233978271484375, -0.761871337890625, -0.066070556640625, 0.458099365234375, -0.075347900390625
0.11004638671875, 0.560028076171875, -0.83636474609375, 0.0338134765625, 0.069183349609375, -0.069305419921875
0.096435546875, 0.453369140625, -0.188507080078125, -0.021636962890625, 0.013336181640625, -0.0985107421875
0.0782470703125, 0.1754150390625, 0.34442138671875, -0.063201904296875, 0.025238037109375, -0.11846923828125
0.0845947265625, 0.09478759765625, -0.425872802734375, -0.0162353515625, 0.059112548828125, -0.099700927734375
0.0845947265625, 0.0888671875, -0.39892578125, -0.038818359375, 0.037506103515625, -0.10260009765625
0.09375, 0.073150634765625, -0.208160400390625, -0.075927734375, 0.003173828125, -0.108367919921875
0.08209228515625, 0.108978271484375, 0.0220947265625, -0.132537841796875, -0.0037841796875, -0.125335693359375
0.060516357421875, 0.057098388671875, 0.017852783203125, -0.1368408203125, -0.0054931640625, -0.128753662109375
0.05328369140625, -0.057708740234375, -0.011505126953125, -0.134246826171875, -0.012908935546875, -0.129547119140625
0.03936767578125, -0.21466064453125, -0.4345703125, -0.09564208984375, -0.058380126953125, -0.09722900390625
-0.0047607421875, -0.251617431640625, -0.5784912109375, -0.09600830078125, -0.086273193359375, -0.0775146484375
-0.31475830078125, -0.962982177734375, -0.614044189453125, -0.048370361328125, -0.222015380859375, -0.0274658203125
-0.9998779296875, -0.9998779296875, -0.168060302734375, 0.1109619140625, -0.371429443359375, 0.159027099609375
-0.9998779296875, -0.9998779296875, 0.115234375, 0.18701171875, -0.42071533203125, 0.23126220703125
-0.9998779296875, -0.9998779296875, 0.9998779296875, 0.311309814453125, -0.50201416015625, 0.3447265625
-0.945220947265625, -0.060272216796875, 0.9998779296875, 0.27740478515625, -0.199981689453125, 0.40582275390625
-0.494781494140625, 0.731719970703125, 0.9998779296875, 0.126068115234375, -0.0604248046875, 0.36846923828125
0.010345458984375, 0.9998779296875, 0.24188232421875, -0.138824462890625, 0.11041259765625, 0.185516357421875
-0.095428466796875, -0.040435791015625, 0.610626220703125, -0.25311279296875, 0.04620361328125, -0.152099609375
-0.066680908203125, -0.327545166015625, 0.607269287109375, -0.1192626953125, 0.062744140625, -0.135101318359375
-0.029632568359375, -0.290771484375, 0.358612060546875, -0.04180908203125, 0.093597412109375, -0.08612060546875
0.057891845703125, -0.134033203125, 0.02593994140625, 0.015869140625, 0.104766845703125, -0.020843505859375
0.075408935546875, -0.098907470703125, -0.034942626953125, 0.01385498046875, 0.099578857421875, -0.012786865234375
0.093048095703125, -0.030792236328125, -0.149169921875, -0.002899169921875, 0.080291748046875, -0.005615234375
0.11016845703125, 0.01812744140625, -0.041290283203125, -0.03729248046875, 0.013702392578125, -0.01824951171875
0.115936279296875, -0.002197265625, 0.046844482421875, -0.04443359375, 0.001678466796875, -0.023040771484375
0.122283935546875, -0.054168701171875, 0.1844482421875, -0.051971435546875, -0.007293701171875, -0.028656005859375
0.1329345703125, -0.057464599609375, 0.2637939453125, -0.047943115234375, 0.01031494140625, -0.019561767578125
0.126983642578125, -0.045440673828125, 0.244781494140625, -0.037322998046875, 0.020355224609375, -0.017608642578125
0.118316650390625, -0.042205810546875, 0.15570068359375, -0.031219482421875, 0.022125244140625, -0.0181884765625
0.106353759765625, -0.054840087890625, 0.13739013671875, -0.014007568359375, 0.007568359375, -0.019775390625
0.11053466796875, -0.0802001953125, 0.1480712890625, -0.011444091796875, 0.00347900390625, -0.02001953125
0.11346435546875, -0.1236572265625, 0.17919921875, -0.015625, -0.001739501953125, -0.017181396484375
0.11993408203125, -0.070465087890625, 0.22174072265625, -0.029144287109375, -0.001922607421875, 0.000213623046875
0.120574951171875, -0.0479736328125, 0.231475830078125, -0.031585693359375, -0.001007080078125, 0.002655029296875
0.129791259765625, -0.006591796875, 0.23046875, -0.0284423828125, 0.001312255859375, 0.003387451171875
0.124298095703125, 0.016845703125, 0.209747314453125, -0.018585205078125, 0.004302978515625, -0.006988525390625
0.11566162109375, 0.00872802734375, 0.20733642578125, -0.020111083984375, 0.003936767578125, -0.010711669921875
0.113800048828125, -0.01885986328125, 0.21319580078125, -0.014678955078125, 0.0018310546875, -0.015838623046875
0.1085205078125, -0.05120849609375, 0.217254638671875, -0.026214599609375, 0.0035400390625, -0.018402099609375
0.110595703125, -0.056976318359375, 0.21783447265625, -0.035125732421875, 0.00506591796875, -0.016510009765625
0.116363525390625, -0.06768798828125, 0.233734130859375, -0.050933837890625, 0.009246826171875, -0.0107421875
0.124847412109375, -0.011383056640625, 0.161468505859375, -0.0416259765625, 0.011077880859375, -0.00335693359375
0.12237548828125, 0.00408935546875, 0.160675048828125, -0.038665771484375, 0.00897216796875, -0.00262451171875

-0.29150390625, -0.9998779296875, 0.1541748046875, -0.01165771484375, -0.07989501953125, 0.102996826171875
-0.53485107421875, -0.9998779296875, 0.3038330078125, 0.031097412109375, -0.096466064453125, 0.17572021484375
-0.97393798828125, -0.75927734375, 0.9998779296875, 0.143524169921875, -0.124603271484375, 0.31396484375
-0.8046875, 0.9998779296875, 0.9998779296875, 0.213653564453125, 0.281982421875, 0.280364990234375
-0.3956298828125, 0.9998779296875, 0.488677978515625, 0.162200927734375, 0.3189697265625, 0.172210693359375
-0.79296875, 0.63037109375, 0.7462158203125, -0.09149169921875, 0.335906982421875, -0.078948974609375
-0.14154052734375, -0.227508544921875, -0.9998779296875, -0.127197265625, 0.238433837890625, -0.06573486328125
0.079742431640625, -0.083831787109375, -0.9998779296875, -0.08172607421875, 0.160125732421875, -0.0479736328125
0.1600341796875, 0.305084228515625, -0.61279296875, -0.017852783203125, 0.0408935546875, -0.032623291015625
0.1185302734375, 0.424224853515625, -0.445526123046875, -0.06195068359375, 0.0023193359375, -0.092864990234375
0.09686279296875, 0.40118408203125, -0.51568603515625, -0.074493408203125, -0.0096435546875, -0.112213134765625
0.00067138671875, 0.38311767578125, -0.402435302734375, -0.095977783203125, -0.0516357421875, -0.149017333984375
-0.25177001953125, 0.0914306640625, -0.175506591796875, -0.105499267578125, -0.12109375, -0.20025634765625
-0.25286865234375, -0.076568603515625, -0.216217041015625, -0.093597412109375, -0.13726806640625, -0.197509765625
-0.33306884765625, -0.50762939453125, -0.397613525390625, -0.035614013671875, -0.18597412109375, -0.172454833984375
-0.992156982421875, -0.9998779296875, -0.299163818359375, 0.15533447265625, -0.403961181640625, 0.112152099609375
-0.9998779296875, -0.9998779296875, 0.13836669921875, 0.2728271484375, -0.45428466796875, 0.239013671875
-0.9998779296875, -0.9998779296875, 0.9998779296875, 0.3245849609375, -0.489410400390625, 0.3128662109375
-0.461700439453125, 0.809661865234375, 0.9998779296875, -0.00225830078125, -0.08489990234375, 0.327362060546875
-0.169097900390625, 0.9998779296875, 0.8997802734375, -0.106658935546875, 0.041412353515625, 0.2557373046875
-0.0684814453125, 0.997406005859375, 0.107208251953125, -0.1961669921875, 0.108642578125, 0.0118408203125
0.00830078125, -0.568328857421875, 0.343597412109375, -0.062042236328125, 0.069854736328125, -0.0782470703125
0.03277587890625, -0.505889892578125, 0.263336181640625, -0.032012939453125, 0.074676513671875, -0.03924560546875
0.071014404296875, -0.168548583984375, 0.118804931640625, -0.03948974609375, 0.079681396484375, 0.018524169921875
0.10931396484375, 0.15020751953125, 0.0272216796875, -0.034149169921875, 0.059783935546875, 0.016448974609375
0.10430908203125, 0.1640625, 0.014801025390625, -0.0279541015625, 0.0438232421875, -0.00750732421875
0.091522216796875, 0.038726806640625, 0.042877197265625, -0.014678955078125, 0.027557373046875, -0.030364990234375
0.07769775390625, -0.133544921875, 0.129241943359375, -0.017333984375, 0.006988525390625, -0.0382080078125
0.078155517578125, -0.1507568359375, 0.1651611328125, -0.0203857421875, 0.004150390625, -0.03497314453125
0.0731201171875, -0.18072509765625, 0.181640625, -0.027923583984375, 0.00396728515625, -0.025238037109375
0.067626953125, -0.149169921875, 0.2020263671875, -0.02056884765625, 0.002960205078125, -0.003570556640625
0.06915283203125, -0.127349853515625, 0.200225830078125, -0.0166015625, 0.002410888671875, -0.000701904296875
0.06427001953125, -0.081024169921875, 0.2025146484375, -0.007720947265625, -0.00030517578125, 0.00103759765625
0.0701904296875, -0.100799560546875, 0.235870361328125, 0.0042724609375, -0.002685546875, -0.0076904296875
0.07318115234375, -0.11279296875, 0.244049072265625, 0.003997802734375, -0.001556396484375, -0.00921630859375
0.07843017578125, -0.118377685546875, 0.249603271484375, -0.00286865234375, 0.00634765625, -0.01031494140625
0.079254150390625, -0.1046142578125, 0.211090087890625, -0.01434326171875, 0.0152587890625, -0.0098876953125
0.08197021484375, -0.098602294921875, 0.208953857421875, -0.01763916015625, 0.015625, -0.010162353515625
0.07855224609375, -0.081329345703125, 0.2083740234375, -0.0191650390625, 0.01556396484375, -0.011016845703125
0.080841064453125, -0.093902587890625, 0.189910888671875, -0.017974853515625, 0.013427734375, -0.0166015625
0.083038330078125, -0.095977783203125, 0.19866943359375, -0.0198974609375, 0.01263427734375, -0.017669677734375
0.081146240234375, -0.096588134765625, 0.211700439453125, -0.020416259765625, 0.012542724609375, -0.01824951171875
0.08404541015625, -0.111419677734375, 0.21685791015625, -0.02386474609375, 0.015869140625, -0.01806640625
0.083099365234375, -0.110137939453125, 0.21685791015625, -0.024200439453125, 0.0166015625, -0.017242431640625
0.08795166015625, -0.105682373046875, 0.214324951171875, -0.024169921875, 0.018402099609375, -0.0150146484375
0.092041015625, -0.082489013671875, 0.192169189453125, -0.02630615234375, 0.021575927734375, -0.012725830078125
0.09686279296875, -0.076019287109375, 0.1868896484375, -0.027923583984375, 0.020660400390625, -0.013397216796875
0.096832275390625, -0.05010986328125, 0.18487548828125, -0.042755126953125, 0.0206298828125, -0.018218994140625
0.09796142578125, -0.04583740234375, 0.16485595703125, -0.044921875, 0.019500732421875, -0.01947021484375
0.09893798828125, -0.036041259765625, 0.18695068359375, -0.049407958984375, 0.015411376953125, -0.02203369140625

-0.334686279296875, -0.552581787109375, 0.630584716796875, -0.0301513671875, -0.07080078125, 0.13275146484375
-0.469207763671875, -0.620849609375, 0.91290283203125, 0.022003173828125, -0.064544677734375, 0.17218017578125
-0.63031005859375, -0.27618408203125, 0.9998779296875, 0.11126708984375, -0.01446533203125, 0.261383056640625
-0.729217529296875, 0.9998779296875, 0.9998779296875, 0.029693603515625, 0.3565673828125, 0.189453125
-0.902313232421875, 0.9998779296875, 0.994598388671875, -0.012481689453125, 0.45458984375, -0.05157470703125
-0.735565185546875, 0.085357666015625, -0.9998779296875, -0.04888916015625, 0.460906982421875, -0.090240478515625
0.035400390625, 0.209930419921875, -0.6710205078125, -0.0167236328125, 0.057342529296875, -0.12945556640625
0.026580810546875, 0.1463623046875, -0.20806884765625, -0.0706787109375, 0.02471923828125, -0.136322021484375
0.065277099609375, 0.07684326171875, -0.119415283203125, -0.05523681640625, 0.045745849609375, -0.12554931640625
0.083740234375, 0.030792236328125, -0.341705322265625, -0.05047607421875, 0.026153564453125, -0.125823974609375
0.072540283203125, -0.010711669921875, -0.2718505859375, -0.064697265625, 0.010955810546875, -0.1280517578125
0.06939697265625, -0.0595703125, -0.097442626953125, -0.089508056640625, -0.00848388671875, -0.126922607421875
0.088531494140625, -0.159454345703125, -0.030853271484375, -0.104034423828125, -0.0078125, -0.1141357421875
0.092864990234375, -0.153961181640625, -0.0303955078125, -0.117889404296875, -0.008544921875, -0.107818603515625
0.080902099609375, -0.097015380859375, 0.027435302734375, -0.134002685546875, -0.0159912109375, -0.09619140625
0.1005859375, -0.147796630859375, -0.129302978515625, -0.092742919921875, -0.028106689453125, -0.088165283203125
0.02587890625, -0.2156982421875, -0.24560546875, -0.06195068359375, -0.055755615234375, -0.07244873046875
-0.160369873046875, -0.446624755859375, -0.83929443359375, -0.03759765625, -0.130523681640625, -0.0400390625
-0.9998779296875, -0.9998779296875, -0.75830078125, 0.10577392578125, -0.40728759765625, 0.111175537109375
-0.9998779296875, -0.9998779296875, -0.569976806640625, 0.146514892578125, -0.479278564453125, 0.18109130859375
-0.9998779296875, -0.9998779296875, 0.757293701171875, 0.250946044921875, -0.62371826171875, 0.31378173828125
-0.9998779296875, -0.18768310546875, 0.9998779296875, 0.216278076171875, -0.320281982421875, 0.45123291015625
-0.5513916015625, 0.9998779296875, 0.9998779296875, 0.012420654296875, -0.0870361328125, 0.41949462890625
-0.02886962890625, 0.9998779296875, -0.298675537109375, -0.2696533203125, 0.191131591796875, 0.1297607421875
-0.33575439453125, -0.6605224609375, 0.868804931640625, -0.1961669921875, 0.050811767578125, -0.27001953125
-0.225555419921875, -0.96923828125, 0.687286376953125, -0.07196044921875, 0.1011962890625, -0.164154052734375
-0.0242919921875, -0.655609130859375, 0.05938720703125, 0.02850341796875, 0.11883544921875, -0.03546142578125
0.052154541015625, -0.18927001953125, -0.102386474609375, 0.0185546875, 0.098052978515625, 0.0615234375
0.08282470703125, -0.081787109375, -0.16009521484375, -0.002227783203125, 0.071807861328125, 0.06201171875
0.105224609375, 0.116485595703125, -0.184539794921875, -0.011871337890625, 0.030364990234375, 0.0484619140625
0.120849609375, 0.02392578125, 0.106231689453125, -0.01220703125, -0.0206298828125, 0.001800537109375
0.1192626953125, -0.020111083984375, 0.1585693359375, -0.012786865234375, -0.023040771484375, -0.004150390625
0.119903564453125, -0.066070556640625, 0.255340576171875, -0.02764892578125, -0.014678955078125, -0.009063720703125
0.11248779296875, -0.062469482421875, 0.25244140625, -0.046142578125, 0.004119873046875, -0.009033203125
0.10992431640625, -0.058380126953125, 0.24090576171875, -0.050018310546875, 0.00885009765625, -0.009002685546875
0.10040283203125, -0.03851318359375, 0.205474853515625, -0.051177978515625, 0.013580322265625, -0.01019287109375
0.07818603515625, -0.047393798828125, 0.160675048828125, -0.0333251953125, 0.003509521484375, -0.01885986328125
0.07489013671875, -0.06072998046875, 0.174102783203125, -0.028106689453125, -0.001495361328125, -0.02130126953125
0.07794189453125, -0.114227294921875, 0.24688720703125, -0.020965576171875, -0.011260986328125, -0.020477294921875
0.085601806640625, -0.13238525390625, 0.2957763671875, -0.0179443359375, -0.0037841796875, -0.00927734375
0.086273193359375, -0.1226806640625, 0.29754638671875, -0.01849365234375, -0.00018310546875, -0.006072998046875
0.086181640625, -0.08905029296875, 0.270050048828125, -0.017181396484375, 0.008758544921875, -0.000213623046875
0.093109130859375, -0.047454833984375, 0.208221435546875, -0.01416015625, 0.013763427734375, 0.003265380859375
0.095947265625, -0.039398193359375, 0.20159912109375, -0.01300048828125, 0.013885498046875, 0.00177001953125
0.094207763671875, -0.04022216796875, 0.200225830078125, -0.014312744140625, 0.01251220703125, -0.002593994140625
0.09674072265625, -0.07281494140625, 0.19586181640625, -0.02056884765625, 0.01202392578125, -0.00640869140625
0.0966796875, -0.073883056640625, 0.195343017578125, -0.020843505859375, 0.01116943359375, -0.005401611328125
0.09979248046875, -0.0677490234375, 0.20111083984375, -0.021728515625, 0.009918212890625, -0.003143310546875
0.10357666015625, -0.063018798828125, 0.1895751953125, -0.0111083984375, 0.0064697265625, 0.001953125
0.104766845703125, -0.05755615234375, 0.19110107421875, -0.007476806640625, 0.00494384765625, 0.00335693359375

-0.635406494140625, -0.9998779296875, 0.3961181640625, -0.015899658203125, -0.144989013671875, 0.153411865234375
-0.951934814453125, 0.9998779296875, 0.9998779296875, 0.14739990234375, 0.041778564453125, 0.3802490234375
-0.86798095703125, 0.9998779296875, 0.9998779296875, 0.215911865234375, 0.2640380859375, 0.291107177734375
-0.41009521484375, 0.9998779296875, 0.328125, 0.122589111328125, 0.29931640625, 0.126373291015625
-0.235107421875, -0.1402587890625, -0.6700439453125, -0.083587646484375, 0.3087158203125, -0.04144287109375
-0.15618896484375, 0.092681884765625, -0.65447998046875, -0.06878662109375, 0.25103759765625, -0.0235595703125
0.016021728515625, 0.36236572265625, -0.370758056640625, -0.0230712890625, 0.148468017578125, -0.027252197265625
0.071136474609375, 0.334197998046875, -0.023162841796875, -0.019775390625, 0.098907470703125, -0.085418701171875
0.05780029296875, 0.27081298828125, -0.137603759765625, -0.03033447265625, 0.106597900390625, -0.098388671875
0.051788330078125, 0.1185302734375, -0.3421630859375, -0.0556640625, 0.098846435546875, -0.115936279296875
0.093780517578125, -0.055206298828125, -0.229736328125, -0.10687255859375, 0.04510498046875, -0.112213134765625
0.109222412109375, -0.038543701171875, -0.185760498046875, -0.11724853515625, 0.037139892578125, -0.106689453125
0.11737060546875, 0.046661376953125, -0.15740966796875, -0.13055419921875, 0.0277099609375, -0.09942626953125
0.040069580078125, 0.02996826171875, -0.12335205078125, -0.13494873046875, -0.003875732421875, -0.126068115234375
0.028106689453125, -0.009857177734375, -0.14508056640625, -0.128143310546875, -0.01080322265625, -0.130462646484375
0.0059814453125, -0.07958984375, -0.279541015625, -0.103912353515625, -0.029388427734375, -0.131500244140625
-0.164764404296875, -0.267578125, -0.73419189453125, -0.003173828125, -0.137176513671875, -0.116790771484375
-0.325103759765625, -0.365081787109375, -0.878662109375, 0.00555419921875, -0.18206787109375, -0.1114501953125
-0.7862548828125, -0.763885498046875, -0.9998779296875, 0.03472900390625, -0.315338134765625, -0.0880126953125
-0.9998779296875, -0.9998779296875, -0.53961181640625, 0.238311767578125, -0.665863037109375, 0.081085205078125
-0.9998779296875, -0.9998779296875, -0.046234130859375, 0.290374755859375, -0.724334716796875, 0.1171875
-0.9998779296875, -0.9998779296875, 0.9998779296875, 0.23614501953125, -0.735015869140625, 0.19122314453125
-0.646331787109375, 0.9998779296875, 0.9998779296875, -0.183074951171875, 0.02728271484375, 0.384307861328125
-0.3798828125, 0.9998779296875, 0.571624755859375, -0.266082763671875, 0.23699951171875, 0.1351318359375
-0.2874755859375, 0.42987060546875, -0.102508544921875, -0.28961181640625, 0.1513671875, -0.135284423828125
-0.02728271484375, -0.624603271484375, 0.19610595703125, -0.05975341796875, 0.046295166015625, -0.1326904296875
0.02874755859375, -0.596710205078125, 0.22882080078125, -0.030426025390625, 0.040802001953125, -0.091949462890625
0.0455322265625, -0.402191162109375, 0.234100341796875, 0.00225830078125, 0.0455322265625, -0.02423095703125
0.076934814453125, -0.15704345703125, 0.02008056640625, 0.0159912109375, 0.05108642578125, 0.025299072265625
0.075042724609375, -0.117706298828125, -0.0078125, 0.01141357421875, 0.044921875, 0.027801513671875
0.085784912109375, -0.071258544921875, -0.03802490234375, 0.00927734375, 0.02728271484375, 0.02587890625
0.098724365234375, -0.072601318359375, 0.082275390625, -0.00054931640625, -0.004669189453125, 0.0108642578125
0.10137939453125, -0.08050537109375, 0.114166259765625, -0.006591796875, -0.007171630859375, 0.008026123046875
0.10455322265625, -0.078125, 0.162811279296875, -0.015350341796875, -0.007171630859375, 0.004241943359375
0.0960693359375, -0.040283203125, 0.173095703125, -0.020538330078125, -0.000091552734375, -0.0101318359375
0.0859375, -0.05975341796875, 0.172088623046875, -0.01715087890625, -0.000701904296875, -0.01824951171875
0.071929931640625, -0.130157470703125, 0.167633056640625, -0.015777587890625, -0.00274658203125, -0.0218505859375
0.068511962890625, -0.165069580078125, 0.17767333984375, -0.0150146484375, -0.005279541015625, -0.0179443359375
0.064300537109375, -0.16619873046875, 0.179534912109375, -0.014068603515625, -0.0059814453125, -0.01544189453125
0.06085205078125, -0.1614990234375, 0.190704345703125, -0.013671875, -0.008056640625, -0.01043701171875
0.05963134765625, -0.144439697265625, 0.220001220703125, -0.0025634765625, -0.01019287109375, -0.002960205078125
0.05908203125, -0.14044189453125, 0.224456787109375, 0.001556396484375, -0.009918212890625, -0.0018310546875
0.055633544921875, -0.12957763671875, 0.225921630859375, 0.006317138671875, -0.008392333984375, -0.001068115234375
0.04962158203125, -0.124176025390625, 0.2138671875, 0.007080078125, -0.003997802734375, -0.0048828125
0.0474853515625, -0.129730224609375, 0.215179443359375, 0.000335693359375, -0.001983642578125, -0.005950927734375
0.0462646484375, -0.13818359375, 0.21661376953125, -0.005462646484375, 0.00067138671875, -0.008056640625
0.04949951171875, -0.149505615234375, 0.213592529296875, -0.01593017578125, 0.006439208984375, -0.0091552734375
0.0526123046875, -0.156646728515625, 0.21978759765625, -0.023590087890625, 0.01055908203125, -0.00714111328125
0.056549072265625, -0.13818359375, 0.202667236328125, -0.027618408203125, 0.01348876953125, -0.00433349609375
0.0596923828125, -0.109619140625, 0.195892333984375, -0.028533935546875, 0.01318359375, -0.00274658203125

-0.0015869140625, -0.7164306640625, -0.717559814453125, -0.007598876953125, -0.047119140625, 0.0416259765625
-0.4869384765625, -0.9998779296875, -0.31884765625, 0.122528076171875, -0.186553955078125, 0.12701416015625
-0.9998779296875, -0.176055908203125, 0.9998779296875, 0.094329833984375, -0.21343994140625, 0.47332763671875
-0.9998779296875, 0.823974609375, 0.9998779296875, 0.04913330078125, -0.08197021484375, 0.486907958984375
-0.653594970703125, 0.9998779296875, 0.975677490234375, 0.029815673828125, 0.215118408203125, 0.3575439453125
-0.03125, 0.6724853515625, -0.195526123046875, -0.02679443359375, 0.1708984375, -0.0028076171875
-0.0482177734375, 0.403839111328125, -0.091217041015625, -0.07794189453125, 0.14569091796875, -0.047454833984375
-0.050262451171875, 0.078826904296875, 0.280029296875, -0.16876220703125, 0.11328125, -0.095672607421875
-0.0665283203125, -0.027313232421875, 0.35357666015625, -0.08465576171875, 0.143951416015625, -0.086151123046875
-0.066070556640625, -0.01361083984375, 0.23565673828125, -0.046875, 0.154754638671875, -0.07781982421875
-0.02789306640625, 0.081878662109375, 0.046295166015625, -0.003173828125, 0.1607666015625, -0.0625
0.063568115234375, -0.044464111328125, -0.238250732421875, 0.02001953125, 0.135833740234375, -0.051055908203125
0.097442626953125, -0.055267333984375, -0.273590087890625, 0.0096435546875, 0.108489990234375, -0.03271484375
0.176727294921875, 0.08966064453125, -0.24713134765625, -0.011932373046875, 0.074127197265625, -0.020965576171875
0.212432861328125, 0.0870361328125, -0.142303466796875, -0.0582275390625, 0.03857421875, -0.04193115234375
0.2183837890625, 0.06890869140625, -0.1158447265625, -0.0728759765625, 0.03369140625, -0.054229736328125
0.215179443359375, 0.141357421875, -0.064422607421875, -0.08184814453125, 0.023406982421875, -0.0535888671875
0.187408447265625, 0.056121826171875, -0.1546630859375, -0.072662353515625, 0.0155029296875, -0.074798583984375
0.183349609375, 0.022735595703125, -0.177490234375, -0.074005126953125, 0.009765625, -0.0787353515625
0.178192138671875, 0.009185791015625, -0.1805419921875, -0.075653076171875, -0.0042724609375, -0.080291748046875
0.140472412109375, 0.0517578125, -0.15667724609375, -0.09857177734375, -0.031219482421875, -0.083892822265625
0.128326416015625, 0.075897216796875, -0.137176513671875, -0.11767578125, -0.0380859375, -0.087249755859375
0.08184814453125, 0.115692138671875, -0.19183349609375, -0.12530517578125, -0.049835205078125, -0.09600830078125
-0.127899169921875, -0.086395263671875, -0.65576171875, -0.0357666015625, -0.12237548828125, -0.10748291015625
-0.274322509765625, -0.2265625, -0.914154052734375, 0.028076171875, -0.22064208984375, -0.097503662109375
-0.96246337890625, -0.9998779296875, -0.8946533203125, 0.120819091796875, -0.385498046875, -0.0595703125
-0.9998779296875, -0.9998779296875, 0.270660400390625, 0.3406982421875, -0.6505126953125, 0.17401123046875
-0.9998779296875, -0.9998779296875, 0.9998779296875, 0.357513427734375, -0.68408203125, 0.222747802734375
-0.9998779296875, -0.9998779296875, 0.9998779296875, 0.23126220703125, -0.52252197265625, 0.335052490234375
-0.1484375, 0.9998779296875, -0.0682373046875, -0.25390625, 0.18310546875, 0.1285400390625
-0.21044921875, 0.9998779296875, -0.339263916015625, -0.29449462890625, 0.174163818359375, -0.156463623046875
-0.157073974609375, -0.569061279296875, 0.523651123046875, -0.239166259765625, 0.0584716796875, -0.2066650390625
0.021392822265625, -0.479278564453125, 0.18658447265625, -0.030853271484375, 0.086181640625, -0.046875
0.058685302734375, -0.357574462890625, 0.08709716796875, -0.015350341796875, 0.087738037109375, -0.020416259765625
0.08416748046875, -0.17547607421875, -0.080078125, 0.00506591796875, 0.07586669921875, 0.008575439453125
0.0972900390625, -0.01092529296875, -0.092987060546875, 0.009429931640625, 0.016143798828125, 0.005859375
0.100860595703125, -0.003936767578125, 0.00732421875, 0.0111083984375, -0.00433349609375, -0.006103515625
0.09759521484375, -0.09442138671875, 0.12933349609375, 0.00848388671875, -0.012420654296875, -0.013427734375
0.096649169921875, -0.135223388671875, 0.21435546875, -0.020233154296875, -0.00830078125, -0.01171875
0.09808349609375, -0.12530517578125, 0.2322998046875, -0.03106689453125, -0.004425048828125, -0.0096435546875
0.0968017578125, -0.0989990234375, 0.24273681640625, -0.042205810546875, 0.00384521484375, -0.006683349609375
0.08428955078125, -0.05377197265625, 0.19647216796875, -0.045318603515625, 0.014495849609375, -0.011871337890625
0.078155517578125, -0.054534912109375, 0.18194580078125, -0.040771484375, 0.013702392578125, -0.014678955078125
0.070343017578125, -0.074798583984375, 0.16583251953125, -0.028564453125, 0.008148193359375, -0.019744873046875
0.076171875, -0.138397216796875, 0.2198486328125, -0.017547607421875, -0.00115966796875, -0.021026611328125
0.077972412109375, -0.14886474609375, 0.233062744140625, -0.02227783203125, 0.000152587890625, -0.016265869140625
0.07763671875, -0.1351318359375, 0.228118896484375, -0.030059814453125, 0.00360107421875, -0.009063720703125
0.080780029296875, -0.08154296875, 0.21429443359375, -0.017822265625, 0.004638671875, -0.00201416015625
0.080596923828125, -0.094268798828125, 0.1968994140625, -0.01092529296875, 0.004425048828125, -0.002197265625
0.083099365234375, -0.081390380859375, 0.18780517578125, -0.007080078125, 0.0029296875, -0.001312255859375

-0.350616455078125, 0.178009033203125, 0.9998779296875, -0.028076171875, -0.02264404296875, 0.216033935546875
-0.3297119140625, 0.44598388671875, 0.9998779296875, 0.048065185546875, 0.040924072265625, 0.22357177734375
-0.42095947265625, 0.85601806640625, 0.9998779296875, 0.150482177734375, 0.18695068359375, 0.20947265625
-0.612823486328125, 0.9998779296875, 0.386749267578125, 0.072601318359375, 0.3385009765625, 0.029266357421875
-0.7454833984375, 0.562652587890625, 0.31103515625, 0.0115966796875, 0.3548583984375, -0.04095458984375
-0.411529541015625, 0.288421630859375, -0.828643798828125, 0.00079345703125, 0.36566162109375, -0.06622314453125
-0.139892578125, 0.501922607421875, -0.9998779296875, -0.007904052734375, 0.101226806640625, -0.1068115234375
-0.0382080078125, 0.30859375, -0.81109619140625, -0.11572265625, 0.024688720703125, -0.142303466796875
0.003692626953125, 0.079925537109375, -0.0223388671875, -0.16595458984375, -0.04248046875, -0.159881591796875
0.013427734375, 0.061004638671875, -0.19451904296875, -0.114532470703125, -0.01031494140625, -0.14556884765625
-0.003875732421875, 0.0889892578125, -0.2818603515625, -0.102996826171875, -0.045654296875, -0.14996337890625
-0.134979248046875, 0.04254150390625, -0.45452880859375, -0.0748291015625, -0.101806640625, -0.164093017578125
-0.495574951171875, -0.691070556640625, -0.604705810546875, 0.0465087890625, -0.251678466796875, -0.147735595703125
-0.9998779296875, -0.9998779296875, 0.643310546875, 0.2955322265625, -0.62335205078125, 0.208282470703125
-0.9998779296875, -0.9998779296875, 0.9998779296875, 0.196563720703125, -0.55133056640625, 0.254119873046875
-0.66864013671875, 0.42193603515625, 0.9998779296875, -0.1004638671875, -0.166229248046875, 0.325714111328125
-0.135498046875, 0.9998779296875, -0.064849853515625, -0.286346435546875, 0.185760498046875, -0.05645751953125
-0.1907958984375, 0.225677490234375, 0.2078857421875, -0.25421142578125, 0.147918701171875, -0.138397216796875
-0.0992431640625, -0.47808837890625, 0.225433349609375, -0.14404296875, 0.118377685546875, -0.1585693359375
0.0167236328125, -0.3856201171875, -0.033111572265625, -0.0054931640625, 0.0745849609375, -0.03033447265625
0.0836181640625, -0.257537841796875, -0.086029052734375, 0.010955810546875, 0.0452880859375, -0.003387451171875
0.06982421875, -0.0819091796875, -0.039337158203125, 0.022705078125, 0.0135498046875, 0.006072998046875
0.054901123046875, -0.063995361328125, 0.14361572265625, 0.027313232421875, -0.0140380859375, -0.004180908203125
0.05413818359375, -0.104339599609375, 0.182861328125, 0.026397705078125, -0.014892578125, -0.008575439453125
0.05059814453125, -0.171630859375, 0.242950439453125, 0.01129150390625, -0.009246826171875, -0.01092529296875
0.0615234375, -0.14581298828125, 0.2401123046875, -0.029296875, 0.014556884765625, -0.001068115234375
0.059417724609375, -0.120635986328125, 0.21966552734375, -0.03521728515625, 0.018280029296875, 0.00048828125
0.059112548828125, -0.069976806640625, 0.186187744140625, -0.038970947265625, 0.019683837890625, 0.000396728515625
0.06158447265625, -0.075714111328125, 0.18206787109375, -0.02423095703125, 0.0098876953125, -0.00958251953125
0.063018798828125, -0.089111328125, 0.180206298828125, -0.013336181640625, 0.004852294921875, -0.012359619140625
0.059661865234375, -0.12493896484375, 0.195587158203125, -0.007080078125, 0.00048828125, -0.012847900390625
0.0599365234375, -0.146392822265625, 0.220062255859375, -0.0045166015625, -0.000701904296875, -0.0067138671875
0.06292724609375, -0.14581298828125, 0.218505859375, -0.0023193359375, 0, -0.00457763671875
0.06109619140625, -0.134613037109375, 0.218048095703125, -0.002471923828125, 0.00177001953125, -0.001129150390625
0.065643310546875, -0.104766845703125, 0.20843505859375, -0.015045166015625, 0.0069580078125, 0.001007080078125
0.066680908203125, -0.099945068359375, 0.210052490234375, -0.01959228515625, 0.0079345703125, -0.000152587890625
0.06201171875, -0.091339111328125, 0.20135498046875, -0.022308349609375, 0.009765625, -0.0015869140625
0.063995361328125, -0.0965576171875, 0.220458984375, -0.02642822265625, 0.009033203125, -0.00665283203125
0.06671142578125, -0.0999755859375, 0.216766357421875, -0.02294921875, 0.01043701171875, -0.007080078125
0.07525634765625, -0.107757568359375, 0.214813232421875, -0.020294189453125, 0.010650634765625, -0.006866455078125
0.07525634765625, -0.099395751953125, 0.196868896484375, -0.0244140625, 0.0115966796875, -0.002899169921875
0.050079345703125, -0.087738037109375, 0.205413818359375, -0.023284912109375, 0.00860595703125, -0.001312255859375
0.076446533203125, -0.061065673828125, 0.228179931640625, -0.0166015625, 0.00958251953125, -0.001312255859375
0.0755615234375, -0.0728759765625, 0.2183837890625, -0.01580810546875, 0.01214599609375, -0.00445556640625
0.075347900390625, -0.07879638671875, 0.208251953125, -0.013458251953125, 0.012115478515625, -0.004425048828125
0.07562255859375, -0.080718994140625, 0.1988525390625, -0.009674072265625, 0.0106201171875, -0.0032958984375
0.078277587890625, -0.069915771484375, 0.214813232421875, -0.009857177734375, 0.00634765625, -0.00115966796875
0.080291748046875, -0.06646728515625, 0.21893310546875, -0.01080322265625, 0.006195068359375, -0.001129150390625
0.080657958984375, -0.066619873046875, 0.21636962890625, -0.010986328125, 0.0054931640625, -0.001251220703125
0.0860595703125, -0.058135986328125, 0.24578857421875, -0.0120849609375, 0.014923095703125, -0.001190185546875

-0.01678466796875, -0.9998779296875, -0.40264892578125, -0.095184326171875, 0.04449462890625, 0.092010498046875
-0.461700439453125, -0.9998779296875, -0.745330810546875, -0.07305908203125, -0.059722900390625, 0.16973876953125
-0.793365478515625, 0.697784423828125, 0.9998779296875, 0.1566162109375, -0.150146484375, 0.389007568359375
-0.554595947265625, 0.9998779296875, 0.9998779296875, 0.185943603515625, -0.027435302734375, 0.369415283203125
-0.375823974609375, 0.9998779296875, 0.9998779296875, 0.247894287109375, 0.21295166015625, 0.248016357421875
0.19244384765625, 0.451202392578125, 0.279632568359375, 0.11566162109375, 0.0472412109375, 0.004180908203125
0.183197021484375, 0.433441162109375, 0.331451416015625, 0.084228515625, 0.08831787109375, -0.035003662109375
0.101806640625, 0.1962890625, -0.1131591796875, -0.0098876953125, 0.111541748046875, -0.067108154296875
0.117523193359375, -0.001434326171875, -0.1158447265625, -0.06463623046875, 0.060394287109375, -0.079437255859375
0.126220703125, -0.023895263671875, -0.06744384765625, -0.06695556640625, 0.04962158203125, -0.077606201171875
0.153472900390625, -0.056884765625, 0.012359619140625, -0.076385498046875, 0.03887939453125, -0.071868896484375
0.182647705078125, 0.0062255859375, 0.0380859375, -0.097198486328125, 0.046539306640625, -0.0584716796875
0.18212890625, 0.035369873046875, 0.033599853515625, -0.101593017578125, 0.04931640625, -0.0592041015625
0.177032470703125, 0.021209716796875, -0.02691650390625, -0.10394287109375, 0.05535888671875, -0.068145751953125
0.1302490234375, -0.034759521484375, -0.182464599609375, -0.087890625, 0.043487548828125, -0.081695556640625
0.123016357421875, -0.039276123046875, -0.2099609375, -0.084320068359375, 0.03436279296875, -0.0833740234375
0.09625244140625, -0.046173095703125, -0.298675537109375, -0.085296630859375, 0.012847900390625, -0.086181640625
-0.015869140625, -0.059844970703125, -0.585296630859375, -0.088226318359375, -0.062835693359375, -0.092193603515625
-0.07958984375, -0.0885009765625, -0.743743896484375, -0.074462890625, -0.143402099609375, -0.09149169921875
-0.600250244140625, -0.74700927734375, -0.9998779296875, 0.008544921875, -0.275787353515625, -0.08282470703125
-0.9998779296875, -0.9998779296875, -0.18218994140625, 0.179779052734375, -0.5596923828125, 0.154815673828125
-0.9998779296875, -0.9998779296875, 0.64117431640625, 0.218963623046875, -0.6126708984375, 0.235321044921875
-0.9998779296875, -0.9998779296875, 0.9998779296875, 0.3118896484375, -0.597137451171875, 0.36248779296875
-0.12103271484375, 0.9998779296875, 0.9998779296875, 0.01953125, 0.00811767578125, 0.304901123046875
-0.014923095703125, 0.9998779296875, 0.64825439453125, -0.100677490234375, 0.11346435546875, 0.16925048828125
-0.259796142578125, 0.69378662109375, 0.182098388671875, -0.326904296875, 0.13800048828125, -0.13372802734375
-0.086395263671875, -0.90887451171875, 0.283416748046875, -0.0870361328125, 0.09808349609375, -0.1484375
-0.02655029296875, -0.801666259765625, 0.1025390625, -0.044219970703125, 0.100555419921875, -0.08831787109375
0.04315185546875, -0.436370849609375, -0.065673828125, 0.00054931640625, 0.084442138671875, -0.000396728515625
0.094696044921875, -0.073944091796875, -0.0855712890625, 0.0177001953125, 0.01971435546875, 0.037567138671875
0.0958251953125, -0.018096923828125, 0.03472900390625, 0.0230712890625, -0.014007568359375, 0.024932861328125
0.123504638671875, -0.0604248046875, 0.199005126953125, 0.0013427734375, -0.02264404296875, 0.002288818359375
0.092864990234375, -0.056793212890625, 0.220062255859375, -0.007568359375, -0.02020263671875, 0.0003662109375
0.1026611328125, -0.031890869140625, 0.25653076171875, -0.02386474609375, -0.013275146484375, -0.003631591796875
0.0943603515625, -0.034088134765625, 0.227783203125, -0.028045654296875, 0.002685546875, -0.0169677734375
0.090545654296875, -0.042633056640625, 0.2166748046875, -0.027923583984375, 0.004547119140625, -0.020355224609375
0.07928466796875, -0.067138671875, 0.188995361328125, -0.025390625, 0.00518798828125, -0.026214599609375
0.0596923828125, -0.14093017578125, 0.18402099609375, -0.0086669921875, -0.00384521484375, -0.029052734375
0.056640625, -0.159942626953125, 0.20068359375, -0.007781982421875, -0.00811767578125, -0.025634765625
0.058563232421875, -0.186187744140625, 0.250885009765625, -0.002532958984375, -0.00628662109375, -0.019378662109375
0.058685302734375, -0.170166015625, 0.2362060546875, -0.0052490234375, 0.00439453125, -0.005126953125
0.05841064453125, -0.154388427734375, 0.2220458984375, -0.00689697265625, 0.006439208984375, -0.0023193359375
0.063812255859375, -0.11871337890625, 0.19549560546875, -0.0084228515625, 0.007843017578125, 0.000885009765625
0.065277099609375, -0.090057373046875, 0.18072509765625, -0.004638671875, 0.003265380859375, -0.002960205078125
0.0667724609375, -0.09051513671875, 0.184906005859375, -0.005279541015625, 0.001556396484375, -0.0045166015625
0.065155029296875, -0.10565185546875, 0.19976806640625, -0.005615234375, -0.0001220703125, -0.007232666015625
0.065277099609375, -0.1121826171875, 0.22216796875, -0.0084228515625, -0.000152587890625, -0.0076904296875
0.067535400390625, -0.113983154296875, 0.228729248046875, -0.009307861328125, 0.000457763671875, -0.0076904296875
0.070068359375, -0.117523193359375, 0.231964111328125, -0.012603759765625, 0.00299072265625, -0.0078125
0.069000244140625, -0.11083984375, 0.21588134765625, -0.011962890625, 0.007598876953125, -0.005218505859375

-0.652099609375, -0.9998779296875, -0.747344970703125, 0.005340576171875, -0.080718994140625, 0.178802490234375
-0.9998779296875, -0.9998779296875, -0.2784423828125, 0.068206787109375, -0.157470703125, 0.30108642578125
-0.9998779296875, -0.402130126953125, 0.9998779296875, 0.1602783203125, -0.24554443359375, 0.458343505859375
-0.367584228515625, 0.9998779296875, 0.992889404296875, -0.092620849609375, 0.282073974609375, 0.243743896484375
-0.404022216796875, 0.9998779296875, 0.251312255859375, -0.116058349609375, 0.334228515625, 0.097076416015625
-0.5277099609375, 0.14910888671875, 0.0054931640625, -0.10235595703125, 0.29522705078125, -0.121002197265625
0.030120849609375, 0.326019287109375, -0.25006103515625, 0.094024658203125, 0.09942626953125, -0.04290771484375
0.12213134765625, 0.416717529296875, 0.173065185546875, 0.015960693359375, 0.077728271484375, -0.07733154296875
0.053131103515625, 0.27056884765625, 0.0439453125, -0.001556396484375, 0.103485107421875, -0.100067138671875
0.038543701171875, 0.059722900390625, -0.289398193359375, -0.00372314453125, 0.09356689453125, -0.11279296875
0.058807373046875, 0.00286865234375, -0.3116455078125, -0.021026611328125, 0.0789794921875, -0.112640380859375
0.09393310546875, -0.076385498046875, -0.262115478515625, -0.03460693359375, 0.048858642578125, -0.103668212890625
0.146270751953125, 0.03131103515625, -0.06427001953125, -0.108428955078125, 0.027435302734375, -0.079010009765625
0.035369873046875, 0.0611572265625, -0.462738037109375, -0.0811767578125, -0.0489501953125, -0.103424072265625
0.000518798828125, 0.021209716796875, -0.544189453125, -0.05828857421875, -0.077117919921875, -0.108551025390625
-0.176055908203125, -0.13629150390625, -0.7044677734375, -0.006927490234375, -0.15472412109375, -0.118621826171875
-0.781463623046875, -0.9998779296875, -0.493865966796875, 0.089752197265625, -0.3468017578125, -0.050506591796875
-0.9998779296875, -0.9998779296875, -0.355804443359375, 0.070404052734375, -0.3819580078125, 0.0108642578125
-0.9998779296875, -0.9998779296875, 0.19378662109375, 0.146148681640625, -0.46234130859375, 0.165496826171875
-0.9998779296875, -0.886383056640625, 0.9998779296875, 0.29339599609375, -0.376678466796875, 0.332427978515625
-0.743621826171875, -0.25152587890625, 0.9998779296875, 0.202880859375, -0.245025634765625, 0.331146240234375
-0.081024169921875, 0.9998779296875, 0.9998779296875, -0.07977294921875, 0.027740478515625, 0.240234375
-0.219879150390625, -0.249114990234375, 0.328399658203125, -0.155120849609375, 0.13751220703125, -0.150848388671875
-0.176666259765625, -0.6363525390625, 0.27899169921875, -0.11090087890625, 0.132354736328125, -0.15191650390625
-0.05328369140625, -0.65399169921875, 0.096710205078125, -0.0426025390625, 0.12451171875, -0.076416015625
0.07806396484375, -0.063323974609375, -0.14501953125, -0.018157958984375, 0.078521728515625, 0.011260986328125
0.110076904296875, -0.003814697265625, -0.142333984375, -0.014404296875, 0.047149658203125, 0.00286865234375
0.102752685546875, -0.006988525390625, -0.0758056640625, 0.0020751953125, 0.005828857421875, -0.0230712890625
0.087554931640625, -0.161224365234375, 0.081024169921875, -0.00543212890625, -0.006988525390625, -0.0294189453125
0.083160400390625, -0.2027587890625, 0.12579345703125, -0.001190185546875, -0.00933837890625, -0.019622802734375
0.088897705078125, -0.213348388671875, 0.18389892578125, -0.014984130859375, -0.002197265625, -0.0118408203125
0.093475341796875, -0.059844970703125, 0.160491943359375, -0.036468505859375, 0.0064697265625, -0.003509521484375
0.088134765625, -0.058563232421875, 0.143524169921875, -0.03692626953125, 0.0064697265625, -0.00726318359375
0.076446533203125, -0.050811767578125, 0.1490478515625, -0.03778076171875, 0.002044677734375, -0.0155029296875
0.06085205078125, -0.175628662109375, 0.258819580078125, -0.014190673828125, -0.00518798828125, -0.027984619140625
0.0491943359375, -0.213623046875, 0.27130126953125, -0.010284423828125, -0.00238037109375, -0.027099609375
0.044921875, -0.262420654296875, 0.258209228515625, -0.0067138671875, 0.005126953125, -0.01849365234375
0.063446044921875, -0.180572509765625, 0.176116943359375, -0.029815673828125, 0.016082763671875, 0.0106201171875
0.078582763671875, -0.091522216796875, 0.135894775390625, -0.03973388671875, 0.00775146484375, 0.009521484375
0.08367919921875, -0.07550048828125, 0.1846923828125, -0.026519775390625, 0.0020751953125, 0.002532958984375
0.137939453125, -0.10791015625, 0.178985595703125, -0.021697998046875, 0.00054931640625, -0.00439453125
0.0887451171875, -0.13018798828125, 0.138916015625, -0.026885986328125, 0.0003662109375, -0.00640869140625
0.055328369140625, -0.11163330078125, 0.21380615234375, -0.0516357421875, -0.004852294921875, -0.0089111328125
0.067169189453125, -0.110382080078125, 0.196563720703125, -0.03338623046875, 0.000091552734375, -0.003173828125
0.070098876953125, -0.099639892578125, 0.201934814453125, -0.032440185546875, -0.00048828125, -0.00250244140625
0.074981689453125, -0.095306396484375, 0.225433349609375, -0.027740478515625, -0.001312255859375, -0.002777099609375
0.08038330078125, -0.0980224609375, 0.235809326171875, -0.026031494140625, 0.006591796875, 0
0.080108642578125, -0.085296630859375, 0.22174072265625, -0.0269775390625, 0.00799560546875, 0.000823974609375
0.0831298828125, -0.066070556640625, 0.209564208984375, -0.030029296875, 0.0091552734375, 0.00213623046875
0.0911865234375, -0.006317138671875, 0.213531494140625, -0.0440673828125, 0.01177978515625, -0.002716064453125

-0.587860107421875, -0.424835205078125, 0.9998779296875, -0.05609130859375, -0.081451416015625, 0.26416015625
-0.607147216796875, 0.9998779296875, 0.9998779296875, 0.185943603515625, 0.264007568359375, 0.233795166015625
-0.757720947265625, 0.9998779296875, 0.988677978515625, 0.166229248046875, 0.352081298828125, 0.159942626953125
-0.808990478515625, 0.3975830078125, -0.095306396484375, 0.02471923828125, 0.406463623046875, -0.0284423828125
0.04345703125, 0.68341064453125, -0.821868896484375, 0.0185546875, 0.121429443359375, -0.037109375
0.083709716796875, 0.57769775390625, -0.209503173828125, -0.018096923828125, 0.05224609375, -0.076629638671875
0.082916259765625, 0.194671630859375, 0.305511474609375, -0.0621337890625, 0.044403076171875, -0.1278076171875
-0.002716064453125, 0.11151123046875, -0.051483154296875, -0.057281494140625, 0.10406494140625, -0.131805419921875
0.022247314453125, 0.050323486328125, -0.185455322265625, -0.04547119140625, 0.100738525390625, -0.134765625
0.060699462890625, -0.0743408203125, -0.33917236328125, -0.028533935546875, 0.074920654296875, -0.1326904296875
0.110198974609375, -0.030120849609375, -0.03070068359375, -0.076446533203125, 0.001739501953125, -0.0958251953125
0.127532958984375, -0.00714111328125, 0.0262451171875, -0.078460693359375, 0.00225830078125, -0.095001220703125
0.124420166015625, -0.06787109375, 0.010162353515625, -0.072967529296875, 0.00531005859375, -0.09912109375
0.11383056640625, -0.142822265625, -0.030120849609375, -0.064727783203125, -0.00262451171875, -0.09375
0.1220703125, -0.14849853515625, -0.04486083984375, -0.06158447265625, -0.006744384765625, -0.089752197265625
0.10784912109375, -0.131622314453125, -0.051239013671875, -0.05902099609375, -0.0172119140625, -0.081878662109375
0.079193115234375, -0.165069580078125, -0.027740478515625, -0.047393798828125, -0.0390625, -0.074462890625
0.088134765625, -0.18389892578125, -0.041015625, -0.04620361328125, -0.043060302734375, -0.07220458984375
0.0634765625, -0.20184326171875, -0.221832275390625, -0.027191162109375, -0.052093505859375, -0.0643310546875
-0.33953857421875, -0.522216796875, -0.9998779296875, 0.035919189453125, -0.19293212890625, -0.032989501953125
-0.68621826171875, -0.724151611328125, -0.9998779296875, 0.0977783203125, -0.381805419921875, 0.002197265625
-0.9998779296875, -0.9998779296875, -0.534149169921875, 0.162445068359375, -0.53704833984375, 0.081329345703125
-0.9998779296875, -0.9998779296875, 0.9998779296875, 0.212371826171875, -0.6116943359375, 0.319122314453125
-0.9998779296875, -0.999114990234375, 0.9998779296875, 0.208038330078125, -0.492401123046875, 0.3721923828125
-0.489471435546875, 0.99139404296875, 0.9998779296875, 0.0252685546875, -0.1129150390625, 0.374114990234375
-0.337646484375, 0.572998046875, 0.0997314453125, -0.295074462890625, 0.15753173828125, -0.150177001953125
-0.370361328125, -0.111053466796875, 0.29156494140625, -0.26947021484375, 0.124237060546875, -0.21588134765625
-0.20074462890625, -0.748382568359375, 0.32073974609375, -0.142578125, 0.095947265625, -0.20086669921875
0.0172119140625, -0.474822998046875, 0.07696533203125, -0.00848388671875, 0.078582763671875, -0.0289306640625
0.042205810546875, -0.361663818359375, 0.034637451171875, 0.00634765625, 0.072540283203125, -0.0050048828125
0.0390625, -0.21142578125, -0.026092529296875, 0.016357421875, 0.058624267578125, 0.0198974609375
0.05865478515625, -0.09918212890625, -0.041534423828125, 0.01300048828125, 0.007781982421875, 0.023712158203125
0.072509765625, -0.092987060546875, 0.020782470703125, 0.00543212890625, -0.006317138671875, 0.017852783203125
0.079437255859375, -0.11578369140625, 0.113861083984375, -0.01373291015625, -0.013641357421875, 0.015716552734375
0.08709716796875, -0.0782470703125, 0.19635009765625, -0.03582763671875, -0.013702392578125, 0.015655517578125
0.089935302734375, -0.07098388671875, 0.211456298828125, -0.041229248046875, -0.01177978515625, 0.014190673828125
0.08843994140625, -0.0577392578125, 0.239044189453125, -0.05010986328125, -0.005218505859375, 0.008758544921875
0.0828857421875, -0.05340576171875, 0.193756103515625, -0.033660888671875, 0.001922607421875, -0.001220703125
0.07550048828125, -0.055206298828125, 0.188873291015625, -0.025604248046875, 0.000335693359375, -0.004425048828125
0.0692138671875, -0.08612060546875, 0.191131591796875, -0.0126953125, -0.0025634765625, -0.011627197265625
0.07171630859375, -0.158721923828125, 0.240509033203125, -0.01934814453125, -0.003143310546875, -0.01080322265625
0.06805419921875, -0.155975341796875, 0.243316650390625, -0.024444580078125, -0.000640869140625, -0.008056640625
0.06402587890625, -0.13116455078125, 0.235992431640625, -0.03314208984375, 0.004638671875, -0.002777099609375
0.064117431640625, -0.0926513671875, 0.2100830078125, -0.033660888671875, 0.008514404296875, 0.00006103515625
0.06866455078125, -0.087188720703125, 0.2056884765625, -0.031494140625, 0.008148193359375, -0.000762939453125
0.06597900390625, -0.092803955078125, 0.20721435546875, -0.021820068359375, 0.0048828125, -0.00250244140625
0.067474365234375, -0.123077392578125, 0.215362548828125, -0.0177001953125, 0.00347900390625, -0.001800537109375
0.068450927734375, -0.126220703125, 0.217437744140625, -0.01788330078125, 0.00372314453125, -0.0003662109375
0.070465087890625, -0.11895751953125, 0.21978759765625, -0.014739990234375, 0.004791259765625, 0.00408935546875
0.072998046875, -0.093505859375, 0.211639404296875, -0.015045166015625, 0.007843017578125, 0.010894775390625

-0.204986572265625, -0.862640380859375, 0.448486328125, -0.087646484375, -0.041656494140625, 0.066619873046875
-0.613250732421875, -0.250823974609375, 0.998046875, 0.04925537109375, -0.02386474609375, 0.271636962890625
-0.559600830078125, 0.07537841796875, 0.9998779296875, 0.056549072265625, 0.00244140625, 0.29364013671875
-0.470001220703125, 0.967437744140625, 0.9998779296875, 0.059906005859375, 0.122283935546875, 0.2862548828125
-0.647369384765625, 0.9998779296875, 0.844451904296875, 0.01300048828125, 0.324432373046875, 0.041259765625
-0.634979248046875, 0.50872802734375, 0.2479248046875, -0.018463134765625, 0.35693359375, -0.02899169921875
-0.28717041015625, 0.477203369140625, -0.89019775390625, 0.00390625, 0.33831787109375, -0.05096435546875
-0.043487548828125, 0.412628173828125, -0.556640625, -0.091064453125, 0.06793212890625, -0.15484619140625
-0.0682373046875, 0.253265380859375, -0.285491943359375, -0.1588134765625, 0.00848388671875, -0.187591552734375
-0.014129638671875, 0.00006103515625, 0.25860595703125, -0.16314697265625, 0.00384521484375, -0.18304443359375
0.022247314453125, -0.10296630859375, -0.083831787109375, -0.042022705078125, 0.036468505859375, -0.14996337890625
0.03338623046875, -0.1217041015625, -0.206268310546875, -0.018707275390625, 0.030975341796875, -0.14422607421875
0.038848876953125, -0.16778564453125, -0.31591796875, -0.003173828125, 0.005828857421875, -0.13409423828125
0.0706787109375, -0.181976318359375, -0.079132080078125, -0.056304931640625, -0.044464111328125, -0.1041259765625
0.082489013671875, -0.17041015625, -0.0540771484375, -0.062469482421875, -0.048492431640625, -0.095916748046875
0.096710205078125, -0.126312255859375, -0.06011962890625, -0.0699462890625, -0.05645751953125, -0.08319091796875
0.04156494140625, -0.131591796875, -0.18017578125, -0.0340576171875, -0.08990478515625, -0.076385498046875
-0.013824462890625, -0.161376953125, -0.287078857421875, -0.003173828125, -0.10443115234375, -0.076416015625
-0.191558837890625, -0.32867431640625, -0.65972900390625, 0.060577392578125, -0.157073974609375, -0.069976806640625
-0.9998779296875, -0.9998779296875, -0.324188232421875, 0.138336181640625, -0.479034423828125, -0.001678466796875
-0.9998779296875, -0.9998779296875, -0.16851806640625, 0.15802001953125, -0.5140380859375, 0.058746337890625
-0.9998779296875, -0.9998779296875, 0.802734375, 0.181427001953125, -0.579010009765625, 0.198638916015625
-0.666290283203125, 0.3892822265625, 0.9998779296875, -0.01031494140625, -0.208770751953125, 0.343017578125
-0.289764404296875, 0.9998779296875, 0.9998779296875, -0.07403564453125, -0.05328369140625, 0.308135986328125
-0.10137939453125, 0.9998779296875, 0.494171142578125, -0.1871337890625, 0.157501220703125, 0.100341796875
-0.1951904296875, -0.484344482421875, 0.29498291015625, -0.174102783203125, 0.146759033203125, -0.166748046875
-0.108734130859375, -0.597991943359375, 0.258697509765625, -0.14019775390625, 0.13836669921875, -0.1102294921875
-0.012939453125, -0.474853515625, -0.022003173828125, -0.041717529296875, 0.119140625, -0.040496826171875
0.04486083984375, -0.19537353515625, -0.09747314453125, -0.015228271484375, 0.076263427734375, 0.0120849609375
0.059173583984375, -0.162750244140625, -0.08441162109375, 0.007080078125, 0.050689697265625, 0.016693115234375
0.0799560546875, -0.10296630859375, -0.086151123046875, 0.00408935546875, 0.023345947265625, 0.018585205078125
0.093292236328125, -0.099456787109375, 0.047271728515625, -0.003509521484375, -0.016510009765625, 0.0113525390625
0.09234619140625, -0.107025146484375, 0.083587646484375, -0.007659912109375, -0.021026611328125, 0.00982666015625
0.09539794921875, -0.112701416015625, 0.153076171875, -0.02618408203125, -0.02459716796875, 0.00897216796875
0.098846435546875, -0.05560302734375, 0.252593994140625, -0.043792724609375, -0.014495849609375, 0.0096435546875
0.101715087890625, -0.034820556640625, 0.2568359375, -0.042694091796875, -0.010101318359375, 0.008087158203125
0.097015380859375, -0.010040283203125, 0.2484130859375, -0.035125732421875, -0.0028076171875, 0.000335693359375
0.0721435546875, -0.131103515625, 0.183074951171875, -0.011871337890625, 0.000244140625, -0.01800537109375
0.070465087890625, -0.152618408203125, 0.18255615234375, -0.012664794921875, -0.001007080078125, -0.01715087890625
0.070343017578125, -0.173583984375, 0.195648193359375, -0.015838623046875, -0.00469970703125, -0.01141357421875
0.07574462890625, -0.15655517578125, 0.228271484375, -0.020477294921875, -0.004730224609375, 0.00457763671875
0.0716552734375, -0.125335693359375, 0.22698974609375, -0.018310546875, -0.00372314453125, 0.007354736328125
0.06903076171875, -0.106689453125, 0.22308349609375, -0.013824462890625, -0.00238037109375, 0.00970458984375
0.080230712890625, -0.07623291015625, 0.202117919921875, 0.00042724609375, -0.0008544921875, 0.010650634765625
0.07818603515625, -0.066741943359375, 0.200439453125, -0.0009765625, -0.0008544921875, 0.00970458984375
0.082427978515625, -0.0677490234375, 0.192657470703125, -0.00469970703125, -0.00091552734375, 0.005767822265625
0.0816650390625, -0.08050537109375, 0.188934326171875, -0.009735107421875, -0.002349853515625, 0.001068115234375
0.07965087890625, -0.076263427734375, 0.192718505859375, -0.011566162109375, -0.002899169921875, 0.000457763671875
0.082550048828125, -0.05706787109375, 0.205352783203125, -0.017486572265625, -0.003082275390625, -0.000579833984375
0.085235595703125, -0.03204345703125, 0.226593017578125, -0.0213623046875, -0.001220703125, -0.006500244140625

-0.162841796875, -0.9998779296875, 0.485687255859375, -0.11383056640625, -0.01080322265625, 0.05126953125
-0.636871337890625, -0.23828125, 0.53619384765625, 0.009368896484375, -0.02081298828125, 0.27044677734375
-0.61297607421875, 0.000762939453125, 0.96563720703125, 0.0552978515625, -0.030303955078125, 0.290130615234375
-0.4544677734375, 0.5863037109375, 0.9998779296875, 0.1297607421875, 0.0194091796875, 0.299346923828125
-0.48052978515625, 0.9998779296875, 0.82122802734375, 0.10394287109375, 0.31915283203125, 0.108184814453125
-0.7457275390625, 0.9998779296875, 0.554290771484375, 0.0406494140625, 0.36328125, -0.072723388671875
-0.420928955078125, -0.080810546875, -0.6932373046875, -0.035858154296875, 0.354095458984375, -0.11126708984375
-0.008087158203125, 0.3319091796875, -0.624603271484375, -0.07672119140625, 0.1258544921875, -0.07501220703125
0.0594482421875, 0.3427734375, -0.323516845703125, -0.085174560546875, 0.07598876953125, -0.118499755859375
0.036224365234375, 0.12933349609375, -0.092498779296875, -0.09454345703125, 0.061767578125, -0.139373779296875
0.046966552734375, -0.012969970703125, -0.243408203125, -0.062225341796875, 0.05181884765625, -0.141632080078125
0.053375244140625, -0.010986328125, -0.28509521484375, -0.050201416015625, 0.0396728515625, -0.1383056640625
0.043182373046875, 0.025482177734375, -0.281219482421875, -0.045928955078125, 0.00958251953125, -0.135894775390625
0.005767822265625, -0.05291748046875, -0.133087158203125, -0.059967041015625, -0.0352783203125, -0.143707275390625
0.0135498046875, -0.089874267578125, -0.097869873046875, -0.0762939453125, -0.0479736328125, -0.142059326171875
-0.010223388671875, -0.15185546875, -0.114532470703125, -0.077545166015625, -0.058349609375, -0.135345458984375
-0.073577880859375, -0.183441162109375, -0.32049560546875, -0.0560302734375, -0.0953369140625, -0.122802734375
-0.123931884765625, -0.212890625, -0.40234375, -0.0272216796875, -0.148406982421875, -0.11578369140625
-0.4432373046875, -0.4632568359375, -0.6556396484375, 0.047576904296875, -0.226654052734375, -0.101318359375
-0.9998779296875, -0.9998779296875, -0.9998779296875, 0.144775390625, -0.487274169921875, -0.00762939453125
-0.9998779296875, -0.9998779296875, -0.87054443359375, 0.16766357421875, -0.56787109375, 0.010955810546875
-0.9998779296875, -0.9998779296875, 0.333251953125, 0.18988037109375, -0.675994873046875, 0.060546875
-0.9998779296875, 0.238037109375, 0.9998779296875, -0.15252685546875, -0.248443603515625, 0.4124755859375
-0.63177490234375, 0.9998779296875, 0.9998779296875, -0.25164794921875, -0.019012451171875, 0.40679931640625
-0.30712890625, 0.9998779296875, 0.27593994140625, -0.239410400390625, 0.24102783203125, 0.096282958984375
-0.18890380859375, -0.9443359375, -0.1689453125, -0.099853515625, 0.17132568359375, -0.179290771484375
-0.0858154296875, -0.949676513671875, -0.220428466796875, -0.0194091796875, 0.10546875, -0.06463623046875
0.02508544921875, -0.523773193359375, -0.115509033203125, 0.010589599609375, 0.054840087890625, 0.02783203125
0.052398681640625, -0.12286376953125, -0.056488037109375, 0.02740478515625, 0.009124755859375, 0.073974609375
0.07708740234375, 0.005035400390625, -0.009185791015625, 0.030181884765625, -0.00042724609375, 0.05853271484375
0.086151123046875, 0.009735107421875, 0.03826904296875, 0.01025390625, -0.005035400390625, 0.034576416015625
0.10101318359375, -0.070159912109375, 0.080780029296875, -0.020294189453125, -0.007171630859375, 0.011749267578125
0.098785400390625, -0.08123779296875, 0.101287841796875, -0.03265380859375, -0.00732421875, 0.007568359375
0.098236083984375, -0.089141845703125, 0.140716552734375, -0.0418701171875, -0.006591796875, 0.002716064453125
0.09832763671875, -0.066192626953125, 0.167694091796875, -0.035736083984375, -0.00482177734375, -0.00689697265625
0.0977783203125, -0.0657958984375, 0.17266845703125, -0.03094482421875, -0.004913330078125, -0.01055908203125
0.08673095703125, -0.089111328125, 0.172393798828125, -0.018096923828125, -0.00543212890625, -0.018157958984375
0.0621337890625, -0.18634033203125, 0.164306640625, -0.003570556640625, -0.006195068359375, -0.025238037109375
0.055419921875, -0.219757080078125, 0.17730712890625, -0.007598876953125, -0.005767822265625, -0.023193359375
0.057098388671875, -0.227691650390625, 0.17376708984375, -0.0101318359375, -0.004241943359375, -0.016265869140625
0.05657958984375, -0.18450927734375, 0.1796875, -0.012969970703125, -0.00457763671875, -0.0029296875
0.056671142578125, -0.169921875, 0.178741455078125, -0.0120849609375, -0.0047607421875, -0.001373291015625
0.055999755859375, -0.14544677734375, 0.178466796875, -0.00897216796875, -0.005218505859375, -0.001129150390625
0.051361083984375, -0.145721435546875, 0.1890869140625, -0.0042724609375, -0.005218505859375, -0.00677490234375
0.046844482421875, -0.150054931640625, 0.18994140625, -0.004974365234375, -0.0040283203125, -0.00848388671875
0.04193115234375, -0.157623291015625, 0.186798095703125, -0.01092529296875, -0.001251220703125, -0.010650634765625
0.040863037109375, -0.166534423828125, 0.20477294921875, -0.0234375, 0.00311279296875, -0.011627197265625
0.041534423828125, -0.167724609375, 0.206298828125, -0.026885986328125, 0.0050048828125, -0.010589599609375
0.04150390625, -0.1611328125, 0.190460205078125, -0.0335693359375, 0.009185791015625, -0.008544921875
0.04461669921875, -0.14996337890625, 0.18707275390625, -0.036346435546875, 0.0068359375, -0.005279541015625

-0.324310302734375, -0.9998779296875, 0.172821044921875, 0.032196044921875, -0.1387939453125, 0.05511474609375
-0.92694091796875, -0.9998779296875, 0.30499267578125, 0.075531005859375, -0.16680908203125, 0.224090576171875
-0.9998779296875, 0.136138916015625, 0.9998779296875, 0.142333984375, -0.12286376953125, 0.44647216796875
-0.9998779296875, 0.81463623046875, 0.9998779296875, 0.137054443359375, 0.0838623046875, 0.399505615234375
-0.38531494140625, 0.9998779296875, 0.90228271484375, 0.108642578125, 0.281707763671875, 0.2275390625
-0.367950439453125, -0.583770751953125, -0.51336669921875, -0.15228271484375, 0.3134765625, -0.109710693359375
-0.170379638671875, -0.64300537109375, -0.7371826171875, -0.15985107421875, 0.276336669921875, -0.08544921875
0.00640869140625, -0.22625732421875, -0.4716796875, -0.127197265625, 0.15521240234375, -0.005035400390625
0.1651611328125, 0.43927001953125, 0.004486083984375, -0.112945556640625, 0.112640380859375, -0.0257568359375
0.154449462890625, 0.4371337890625, -0.105133056640625, -0.117156982421875, 0.117584228515625, -0.051727294921875
0.11309814453125, 0.25189208984375, -0.312286376953125, -0.10296630859375, 0.101898193359375, -0.100311279296875
0.1138916015625, -0.126495361328125, -0.10455322265625, -0.075775146484375, 0.00640869140625, -0.1181640625
0.13348388671875, -0.09942626953125, -0.02484130859375, -0.07354736328125, -0.00164794921875, -0.10955810546875
0.147003173828125, -0.036163330078125, 0.06634521484375, -0.071136474609375, -0.002227783203125, -0.097015380859375
0.123565673828125, -0.00439453125, 0.007781982421875, -0.07171630859375, 0.00872802734375, -0.100860595703125
0.11529541015625, -0.030670166015625, -0.01019287109375, -0.072967529296875, 0.007781982421875, -0.1038818359375
0.104095458984375, -0.0755615234375, -0.063262939453125, -0.069549560546875, 0.0028076171875, -0.105560302734375
0.089874267578125, -0.086151123046875, -0.278717041015625, -0.0772705078125, -0.02996826171875, -0.09722900390625
0.054107666015625, -0.086639404296875, -0.389068603515625, -0.065032958984375, -0.0501708984375, -0.09490966796875
-0.064727783203125, -0.17364501953125, -0.663330078125, -0.0203857421875, -0.11663818359375, -0.092071533203125
-0.904541015625, -0.96551513671875, -0.9998779296875, 0.091949462890625, -0.35943603515625, -0.0423583984375
-0.9998779296875, -0.9998779296875, -0.918426513671875, 0.1375732421875, -0.4334716796875, -0.012725830078125
-0.9998779296875, -0.9998779296875, -0.582244873046875, 0.226531982421875, -0.57354736328125, 0.059356689453125
-0.9998779296875, -0.9998779296875, 0.9998779296875, 0.10821533203125, -0.444915771484375, 0.293975830078125
-0.751068115234375, 0.115631103515625, 0.9998779296875, 0.00244140625, -0.238983154296875, 0.329986572265625
-0.309906005859375, 0.9998779296875, 0.9998779296875, -0.16162109375, 0.14495849609375, 0.21319580078125
-0.17974853515625, -0.80224609375, -0.24542236328125, -0.172698974609375, 0.165679931640625, -0.170196533203125
-0.058380126953125, -0.957489013671875, -0.39886474609375, -0.05902099609375, 0.122406005859375, -0.128662109375
0.041107177734375, -0.76263427734375, -0.2884521484375, 0.0391845703125, 0.031402587890625, -0.017242431640625
0.039093017578125, -0.08355712890625, 0.071075439453125, 0.011962890625, -0.024932861328125, 0.080108642578125
0.04962158203125, -0.005401611328125, 0.10748291015625, 0.00244140625, -0.02587890625, 0.075469970703125
0.062774658203125, 0.111785888671875, 0.1834716796875, -0.013427734375, -0.018524169921875, 0.051025390625
0.0870361328125, -0.026641845703125, 0.1563720703125, -0.011505126953125, 0.0035400390625, -0.00732421875
0.066986083984375, -0.0679931640625, 0.152984619140625, -0.02374267578125, 0.007568359375, -0.016510009765625
0.060272216796875, -0.136749267578125, 0.17059326171875, -0.035552978515625, 0.011932373046875, -0.025634765625
0.0498046875, -0.180145263671875, 0.15203857421875, -0.036407470703125, 0.016876220703125, -0.02130126953125
0.044921875, -0.17938232421875, 0.136138916015625, -0.027374267578125, 0.01495361328125, -0.018890380859375
0.039794921875, -0.178863525390625, 0.10809326171875, -0.008331298828125, 0.008514404296875, -0.015960693359375
0.016845703125, -0.20635986328125, 0.12359619140625, 0.001251220703125, -0.005584716796875, -0.013458251953125
0.01654052734375, -0.21051025390625, 0.13800048828125, 0.000091552734375, -0.0076904296875, -0.01287841796875
0.015777587890625, -0.221771240234375, 0.16632080078125, -0.00439453125, -0.00897216796875, -0.011199951171875
0.022491455078125, -0.226531982421875, 0.192779541015625, -0.010589599609375, -0.003997802734375, -0.003387451171875
0.0208740234375, -0.21978759765625, 0.18902587890625, -0.011871337890625, -0.0023193359375, -0.00115966796875
0.02362060546875, -0.202056884765625, 0.18115234375, -0.0145263671875, -0.0001220703125, 0.002410888671875
0.023681640625, -0.170135498046875, 0.177490234375, -0.024383544921875, 0.003814697265625, 0.00579833984375
0.028900146484375, -0.14959716796875, 0.17840576171875, -0.027191162109375, 0.004608154296875, 0.00482177734375
0.028076171875, -0.141876220703125, 0.184112548828125, -0.02960205078125, 0.0062255859375, 0.000885009765625
0.028594970703125, -0.16717529296875, 0.1881103515625, -0.041900634765625, 0.011383056640625, -0.0050048828125
0.02996826171875, -0.160675048828125, 0.190277099609375, -0.046661376953125, 0.012237548828125, -0.004913330078125
0.02716064453125, -0.157318115234375, 0.20928955078125, -0.053802490234375, 0.01226806640625, -0.004791259765625

-0.564117431640625, -0.9998779296875, 0.037933349609375, 0.095245361328125, -0.128021240234375, 0.152099609375
-0.9998779296875, -0.543670654296875, 0.9998779296875, 0.1422119140625, -0.129547119140625, 0.44036865234375
-0.89276123046875, 0.9998779296875, 0.9998779296875, 0.120941162109375, 0.095550537109375, 0.370208740234375
-0.633544921875, 0.9998779296875, 0.9998779296875, 0.05841064453125, 0.329193115234375, 0.132720947265625
-0.430267333984375, -0.639068603515625, -0.9998779296875, -0.125823974609375, 0.39312744140625, -0.0655517578125
-0.13641357421875, -0.51043701171875, -0.9998779296875, -0.125762939453125, 0.305694580078125, -0.029449462890625
0.090576171875, 0.20623779296875, -0.62982177734375, -0.02362060546875, 0.111236572265625, 0.033599853515625
0.206695556640625, 0.56439208984375, 0.229339599609375, 0.005889892578125, 0.0521240234375, -0.0208740234375
0.220428466796875, 0.541778564453125, 0.057830810546875, -0.0015869140625, 0.079742431640625, -0.04498291015625
0.15521240234375, 0.375030517578125, -0.29095458984375, -0.025238037109375, 0.098358154296875, -0.093475341796875
0.073699951171875, -0.017059326171875, -0.1466064453125, -0.11187744140625, 0.036041259765625, -0.14178466796875
0.068450927734375, -0.027374267578125, -0.08563232421875, -0.117034912109375, 0.015869140625, -0.137939453125
0.064422607421875, -0.012481689453125, 0.039703369140625, -0.102508544921875, 0.004608154296875, -0.13494873046875
0.03997802734375, -0.042694091796875, 0.00335693359375, -0.076995849609375, -0.000640869140625, -0.140838623046875
0.031951904296875, -0.07464599609375, -0.003997802734375, -0.07684326171875, -0.003509521484375, -0.142730712890625
0.0145263671875, -0.1627197265625, -0.002044677734375, -0.07208251953125, -0.011871337890625, -0.140594482421875
0.03106689453125, -0.259979248046875, -0.168975830078125, -0.055145263671875, -0.0335693359375, -0.113067626953125
0.022552490234375, -0.255401611328125, -0.242828369140625, -0.04791259765625, -0.047454833984375, -0.104583740234375
-0.1009521484375, -0.276275634765625, -0.470489501953125, -0.0130615234375, -0.091552734375, -0.089385986328125
-0.868377685546875, -0.682159423828125, -0.9998779296875, 0.068084716796875, -0.317657470703125, -0.035888671875
-0.9998779296875, -0.815093994140625, -0.981903076171875, 0.102325439453125, -0.404052734375, -0.01849365234375
-0.9998779296875, -0.9998779296875, -0.64654541015625, 0.1666259765625, -0.537017822265625, 0.01080322265625
-0.9998779296875, -0.9998779296875, 0.9998779296875, 0.054656982421875, -0.446746826171875, 0.332275390625
-0.9998779296875, 0.193450927734375, 0.9998779296875, 0.03228759765625, -0.248382568359375, 0.39300537109375
-0.418243408203125, 0.9998779296875, 0.9998779296875, -0.22509765625, 0.15142822265625, 0.25457763671875
-0.137847900390625, -0.6949462890625, -0.333282470703125, -0.2022705078125, 0.2076416015625, -0.131134033203125
-0.031005859375, -0.78778076171875, -0.488067626953125, -0.081329345703125, 0.161529541015625, -0.09552001953125
0.050079345703125, -0.6016845703125, -0.38775634765625, 0.044189453125, 0.05975341796875, -0.001708984375
0.082183837890625, -0.1025390625, -0.006866455078125, 0.05889892578125, -0.02935791015625, 0.079315185546875
0.08270263671875, -0.016876220703125, 0.045074462890625, 0.05535888671875, -0.03485107421875, 0.077972412109375
0.06231689453125, 0.058349609375, 0.095123291015625, 0.028656005859375, -0.0321044921875, 0.05657958984375
0.0977783203125, -0.045562744140625, 0.1539306640625, -0.034027099609375, -0.006103515625, -0.002532958984375
0.092498779296875, -0.064483642578125, 0.1650390625, -0.053619384765625, -0.00115966796875, -0.009979248046875
0.101715087890625, -0.11328125, 0.184844970703125, -0.052825927734375, 0.00555419921875, -0.017669677734375
0.07977294921875, -0.138427734375, 0.215911865234375, -0.04736328125, 0.0177001953125, -0.02105712890625
0.0814208984375, -0.15289306640625, 0.19439697265625, -0.03521728515625, 0.020172119140625, -0.020843505859375
0.079376220703125, -0.173614501953125, 0.13433837890625, -0.018096923828125, 0.021148681640625, -0.019317626953125
0.068267822265625, -0.19036865234375, 0.09423828125, -0.009002685546875, 0.0079345703125, -0.015106201171875
0.07000732421875, -0.18951416015625, 0.10015869140625, -0.009796142578125, 0.004486083984375, -0.014312744140625
0.063995361328125, -0.196990966796875, 0.119049072265625, -0.0108642578125, -0.0006103515625, -0.013275146484375
0.06475830078125, -0.216949462890625, 0.163177490234375, -0.023101806640625, -0.00238037109375, -0.00799560546875
0.066986083984375, -0.20550537109375, 0.16583251953125, -0.024871826171875, -0.0015869140625, -0.005462646484375
0.06634521484375, -0.180999755859375, 0.173492431640625, -0.02166748046875, -0.000762939453125, -0.001983642578125
0.06256103515625, -0.161285400390625, 0.15838623046875, -0.010284423828125, -0.00048828125, -0.00152587890625
0.061126708984375, -0.158935546875, 0.156463623046875, -0.007965087890625, -0.001678466796875, -0.002777099609375
0.057830810546875, -0.161834716796875, 0.158782958984375, -0.004547119140625, -0.00238037109375, -0.004730224609375
0.0548095703125, -0.2071533203125, 0.174774169921875, -0.01629638671875, -0.0003662109375, -0.006072998046875
0.055145263671875, -0.2161865234375, 0.173126220703125, -0.02008056640625, 0.000732421875, -0.004486083984375
0.054290771484375, -0.21820068359375, 0.17041015625, -0.028045654296875, 0.002227783203125, 0.00054931640625
0.0582275390625, -0.173065185546875, 0.160308837890625, -0.03106689453125, 0.000579833984375, 0.0135498046875

-0.382720947265625, -0.081512451171875, 0.95880126953125, -0.078125, -0.02825927734375, 0.19732666015625
-0.357177734375, 0.529541015625, 0.9998779296875, 0.02734375, 0.039947509765625, 0.218353271484375
-0.8182373046875, 0.9998779296875, 0.9998779296875, 0.162109375, 0.347747802734375, 0.13720703125
-0.998748779296875, 0.9998779296875, 0.843170166015625, 0.171112060546875, 0.395355224609375, 0.0831298828125
-0.9830322265625, 0.44036865234375, -0.45428466796875, 0.164886474609375, 0.45550537109375, -0.00360107421875
0.051513671875, 0.8173828125, -0.9998779296875, 0.07208251953125, 0.162017822265625, -0.018096923828125
0.099456787109375, 0.686676025390625, -0.80047607421875, 0.03326416015625, 0.08453369140625, -0.058807373046875
0.106231689453125, 0.461883544921875, -0.082489013671875, -0.067657470703125, 0.01873779296875, -0.12115478515625
0.0491943359375, -0.140106201171875, -0.0513916015625, -0.0782470703125, 0.051177978515625, -0.153778076171875
0.074676513671875, -0.169708251953125, -0.0941162109375, -0.06536865234375, 0.047637939453125, -0.141265869140625
0.113189697265625, -0.098724365234375, -0.122283935546875, -0.07080078125, 0.0330810546875, -0.11676025390625
0.084259033203125, -0.000396728515625, -0.060455322265625, -0.0635986328125, 0.00225830078125, -0.118377685546875
0.106109619140625, -0.079833984375, -0.04412841796875, -0.076904296875, -0.006011962890625, -0.110443115234375
0.09136962890625, -0.048004150390625, -0.152557373046875, -0.071533203125, -0.01068115234375, -0.109619140625
0.018035888671875, -0.006744384765625, -0.50482177734375, -0.02178955078125, -0.03887939453125, -0.1119384765625
-0.8212890625, -0.3704833984375, -0.9998779296875, 0.081512451171875, -0.280120849609375, -0.140594482421875
-0.9998779296875, -0.741241455078125, -0.9998779296875, 0.036163330078125, -0.504547119140625, -0.142120361328125
-0.9998779296875, -0.9998779296875, -0.476318359375, 0.148529052734375, -0.6033935546875, -0.022186279296875
-0.9998779296875, -0.9998779296875, 0.9998779296875, 0.111907958984375, -0.518768310546875, 0.2882080078125
-0.9998779296875, -0.565216064453125, 0.9998779296875, 0.078826904296875, -0.34552001953125, 0.3665771484375
-0.354217529296875, 0.9998779296875, 0.9998779296875, -0.162261962890625, 0.035491943359375, 0.326904296875
-0.254974365234375, -0.01385498046875, 0.024200439453125, -0.31549072265625, 0.175689697265625, -0.1614990234375
-0.15167236328125, -0.389251708984375, 0.00323486328125, -0.244842529296875, 0.139923095703125, -0.18304443359375
-0.004547119140625, -0.606903076171875, -0.134002685546875, -0.037628173828125, 0.0751953125, -0.130523681640625
0.05865478515625, -0.3853759765625, 0.09710693359375, 0.0992431640625, -0.034423828125, 0.018310546875
0.025054931640625, -0.309112548828125, 0.154541015625, 0.087982177734375, -0.032745361328125, 0.032958984375
0.06304931640625, -0.156646728515625, 0.1783447265625, 0.021270751953125, -0.01629638671875, 0.043609619140625
0.04534912109375, -0.074066162109375, 0.147613525390625, 0.01214599609375, 0.0087890625, 0.027679443359375
0.07122802734375, -0.06109619140625, 0.1258544921875, -0.02862548828125, 0.013885498046875, 0.019744873046875
0.079193115234375, -0.08197021484375, 0.112762451171875, -0.040618896484375, 0.018646240234375, 0.0064697265625
0.091766357421875, -0.112091064453125, 0.144439697265625, -0.047576904296875, 0.016510009765625, -0.006622314453125
0.089080810546875, -0.11187744140625, 0.145111083984375, -0.040740966796875, 0.015777587890625, -0.008026123046875
0.07965087890625, -0.11737060546875, 0.13543701171875, -0.027984619140625, 0.012969970703125, -0.0111083984375
0.071807861328125, -0.17852783203125, 0.146240234375, -0.005767822265625, 0.002105712890625, -0.015045166015625
0.07489013671875, -0.1907958984375, 0.1533203125, -0.00634765625, 0.000823974609375, -0.01434326171875
0.052703857421875, -0.199066162109375, 0.162078857421875, -0.01104736328125, 0.001220703125, -0.011444091796875
0.066497802734375, -0.211090087890625, 0.183929443359375, -0.023345947265625, 0.0035400390625, -0.005584716796875
0.06646728515625, -0.20843505859375, 0.197479248046875, -0.02703857421875, 0.006439208984375, -0.0018310546875
0.065582275390625, -0.172210693359375, 0.17987060546875, -0.01922607421875, 0.0101318359375, 0.001800537109375
0.067718505859375, -0.14306640625, 0.157623291015625, -0.014801025390625, 0.00946044921875, -0.000274658203125
0.069671630859375, -0.140716552734375, 0.161163330078125, -0.014739990234375, 0.00872802734375, -0.002960205078125
0.068115234375, -0.154205322265625, 0.152374267578125, -0.01458740234375, 0.007293701171875, -0.005401611328125
0.068878173828125, -0.14990234375, 0.166473388671875, -0.02301025390625, 0.005401611328125, -0.00506591796875
0.071014404296875, -0.150665283203125, 0.172515869140625, -0.02215576171875, 0.00531005859375, -0.005645751953125
0.067108154296875, -0.15008544921875, 0.18695068359375, -0.022491455078125, 0.0052490234375, -0.00634765625
0.066314697265625, -0.169097900390625, 0.206756591796875, -0.02398681640625, 0.00927734375, -0.004058837890625
0.06884765625, -0.16522216796875, 0.201324462890625, -0.0218505859375, 0.010528564453125, -0.001922607421875
0.07470703125, -0.158233642578125, 0.174041748046875, -0.0135498046875, 0.010528564453125, 0.00177001953125
0.076416015625, -0.108154296875, 0.219879150390625, -0.025146484375, 0.00921630859375, 0.00347900390625
0.076904296875, -0.09991455078125, 0.228302001953125, -0.029144287109375, 0.012939453125, 0

-0.37811279296875, -0.9998779296875, -0.165130615234375, -0.076171875, -0.147857666015625, 0.0927734375
-0.9998779296875, -0.997344970703125, 0.896087646484375, 0.16290283203125, -0.268707275390625, 0.2664794921875
-0.9998779296875, -0.759613037109375, 0.9998779296875, 0.1485595703125, -0.271209716796875, 0.312103271484375
-0.94000244140625, 0.18310546875, 0.9998779296875, 0.150970458984375, -0.151702880859375, 0.372283935546875
-0.6025390625, 0.9998779296875, 0.9998779296875, 0.19305419921875, 0.27215576171875, 0.25201416015625
-0.66815185546875, 0.996673583984375, 0.57940673828125, 0.176605224609375, 0.31976318359375, 0.17535400390625
-0.310577392578125, 0.23223876953125, -0.751495361328125, 0.088226318359375, 0.334320068359375, 0.08074951171875
0.168731689453125, 0.498382568359375, -0.3065185546875, 0.015106201171875, 0.0601806640625, 0.017364501953125
0.16131591796875, 0.427337646484375, 0.012054443359375, -0.0390625, 0.025054931640625, -0.048553466796875
0.0821533203125, 0.163177490234375, 0.429443359375, -0.096649169921875, 0.07855224609375, -0.09271240234375
0.035980224609375, -0.27838134765625, -0.06097412109375, -0.134613037109375, 0.134246826171875, -0.09759521484375
0.058685302734375, -0.32073974609375, -0.089080810546875, -0.14208984375, 0.126953125, -0.0849609375
0.11761474609375, -0.31658935546875, -0.13916015625, -0.15679931640625, 0.109619140625, -0.05426025390625
0.202880859375, 0.014892578125, -0.167266845703125, -0.14849853515625, 0.06280517578125, -0.009063720703125
0.154632568359375, 0.083831787109375, -0.04376220703125, -0.1392822265625, 0.04266357421875, -0.069366455078125
0.15313720703125, 0.042144775390625, -0.0914306640625, -0.125457763671875, 0.04022216796875, -0.080413818359375
0.14794921875, 0.00091552734375, -0.41510009765625, -0.08917236328125, 0.006988525390625, -0.08489990234375
-0.1387939453125, -0.014068603515625, -0.990936279296875, -0.030792236328125, -0.17919921875, -0.093505859375
-0.570098876953125, -0.30303955078125, -0.9998779296875, 0.071044921875, -0.265869140625, -0.108245849609375
-0.9998779296875, -0.9998779296875, -0.848785400390625, 0.1756591796875, -0.51239013671875, -0.10614013671875
-0.9998779296875, -0.9998779296875, 0.389251708984375, 0.25933837890625, -0.642333984375, 0.005584716796875
-0.9998779296875, -0.9998779296875, 0.99664306640625, 0.264739990234375, -0.63671875, 0.04827880859375
-0.9998779296875, -0.9998779296875, 0.9998779296875, 0.17578125, -0.495880126953125, 0.184814453125
-0.16265869140625, 0.9998779296875, 0.916290283203125, -0.201446533203125, 0.091064453125, 0.216644287109375
-0.17120361328125, 0.9998779296875, 0.281097412109375, -0.171722412109375, 0.15283203125, 0.11480712890625
-0.22991943359375, 0.346435546875, 0.001373291015625, -0.173797607421875, 0.1392822265625, -0.09503173828125
-0.052978515625, -0.6505126953125, 0.090972900390625, 0.005889892578125, 0.054443359375, -0.110107421875
-0.025115966796875, -0.63275146484375, 0.1094970703125, 0.02349853515625, 0.0400390625, -0.039520263671875
0.01422119140625, -0.384124755859375, 0.112640380859375, 0.01995849609375, 0.03704833984375, 0.00653076171875
0.022552490234375, -0.147064208984375, 0.0452880859375, 0.0010986328125, 0.035888671875, 0.03912353515625
0.023956298828125, -0.11053466796875, 0.03759765625, -0.0059814453125, 0.03302001953125, 0.040008544921875
0.044036865234375, -0.069610595703125, 0.04998779296875, -0.01702880859375, 0.02557373046875, 0.0340576171875
0.06439208984375, -0.085601806640625, 0.128265380859375, -0.055023193359375, 0.019744873046875, 0.011993408203125
0.056243896484375, -0.089019775390625, 0.132415771484375, -0.061676025390625, 0.020263671875, 0.008148193359375
0.048675537109375, -0.09124755859375, 0.156982421875, -0.078399658203125, 0.019866943359375, 0.00152587890625
0.05804443359375, -0.114227294921875, 0.21844482421875, -0.0660400390625, 0.017059326171875, -0.00714111328125
0.05975341796875, -0.115478515625, 0.215087890625, -0.056915283203125, 0.018463134765625, -0.00775146484375
0.048126220703125, -0.12664794921875, 0.182769775390625, -0.035125732421875, 0.020111083984375, -0.010345458984375
0.0423583984375, -0.177154541015625, 0.15423583984375, -0.01446533203125, 0.00872802734375, -0.0140380859375
0.045013427734375, -0.20867919921875, 0.180267333984375, -0.013946533203125, 0.00091552734375, -0.0078125
0.0604248046875, -0.20623779296875, 0.221771240234375, -0.0145263671875, 0.003692626953125, 0.005279541015625
0.060638427734375, -0.13812255859375, 0.1893310546875, -0.016632080078125, 0.00848388671875, 0.016082763671875
0.06170654296875, -0.12542724609375, 0.186248779296875, -0.014892578125, 0.0081787109375, 0.015716552734375
0.0643310546875, -0.12799072265625, 0.170684814453125, -0.008056640625, 0.006866455078125, 0.0142822265625
0.073638916015625, -0.1134033203125, 0.186553955078125, -0.0042724609375, 0.0059814453125, 0.016998291015625
0.0770263671875, -0.099029541015625, 0.178863525390625, -0.00439453125, 0.006927490234375, 0.016387939453125
0.074493408203125, -0.0799560546875, 0.1661376953125, -0.00579833984375, 0.0068359375, 0.01080322265625
0.076568603515625, -0.11981201171875, 0.18646240234375, -0.0167236328125, 0.0042724609375, 0.000274658203125
0.077392578125, -0.12176513671875, 0.188446044921875, -0.01885986328125, 0.0045166015625, 0.000030517578125
0.079620361328125, -0.1180419921875, 0.18121337890625, -0.02093505859375, 0.005218505859375, 0.00006103515625

-0.43182373046875, -0.9998779296875, 0.171173095703125, 0.05902099609375, -0.1422119140625, 0.10015869140625
-0.9998779296875, -0.751708984375, 0.9654541015625, 0.090179443359375, -0.16754150390625, 0.37542724609375
-0.9998779296875, -0.41314697265625, 0.9998779296875, 0.094451904296875, -0.144287109375, 0.4095458984375
-0.94268798828125, 0.48065185546875, 0.9998779296875, 0.09210205078125, -0.0606689453125, 0.419189453125
-0.140380859375, 0.92132568359375, 0.300079345703125, -0.07342529296875, 0.221435546875, 0.075653076171875
-0.18670654296875, 0.480133056640625, 0.196746826171875, -0.127716064453125, 0.225494384765625, 0.002960205078125
-0.175018310546875, -0.291717529296875, -0.0255126953125, -0.2001953125, 0.21783447265625, -0.066070556640625
0.11920166015625, 0.04718017578125, -0.126190185546875, -0.228271484375, 0.119354248046875, -0.001068115234375
0.15673828125, 0.24627685546875, -0.04833984375, -0.239166259765625, 0.106781005859375, -0.00335693359375
0.137939453125, 0.396240234375, 0.0030517578125, -0.248504638671875, 0.0955810546875, -0.043975830078125
0.081298828125, 0.146331787109375, 0.066253662109375, -0.16436767578125, 0.065216064453125, -0.118499755859375
0.0830078125, 0.084869384765625, 0.071136474609375, -0.13592529296875, 0.061126708984375, -0.1248779296875
0.10272216796875, 0.010345458984375, 0.022918701171875, -0.08331298828125, 0.059051513671875, -0.1259765625
0.1357421875, -0.042938232421875, -0.26416015625, -0.02142333984375, 0.047821044921875, -0.107513427734375
0.143707275390625, -0.04345703125, -0.278564453125, -0.02484130859375, 0.029937744140625, -0.100067138671875
0.133880615234375, -0.002593994140625, -0.209930419921875, -0.07275390625, 0.008270263671875, -0.09539794921875
0.116363525390625, 0.0848388671875, -0.145721435546875, -0.108154296875, -0.015625, -0.1080322265625
0.084747314453125, 0.043060302734375, -0.2353515625, -0.09423828125, -0.02252197265625, -0.11358642578125
0.0308837890625, -0.05194091796875, -0.493560791015625, -0.04779052734375, -0.0574951171875, -0.1212158203125
-0.320281982421875, -0.3465576171875, -0.854644775390625, 0.037567138671875, -0.213104248046875, -0.113311767578125
-0.480865478515625, -0.48895263671875, -0.9998779296875, 0.068023681640625, -0.26483154296875, -0.103973388671875
-0.9998779296875, -0.98248291015625, -0.9998779296875, 0.180328369140625, -0.41204833984375, -0.075225830078125
-0.9998779296875, -0.9998779296875, -0.282073974609375, 0.28131103515625, -0.67889404296875, 0.003753662109375
-0.9998779296875, -0.9998779296875, 0.4244384765625, 0.267364501953125, -0.703094482421875, 0.021636962890625
-0.9998779296875, -0.9998779296875, 0.9998779296875, 0.164825439453125, -0.613006591796875, 0.13446044921875
-0.449005126953125, 0.9998779296875, 0.4375, -0.23443603515625, 0.224273681640625, 0.136932373046875
-0.42559814453125, 0.651947021484375, -0.047088623046875, -0.2913818359375, 0.257110595703125, 0.01324462890625
-0.203369140625, -0.357757568359375, -0.31689453125, -0.216522216796875, 0.1947021484375, -0.111846923828125
0.031585693359375, -0.50787353515625, -0.212554931640625, 0.0535888671875, 0.005645751953125, -0.00701904296875
0.033905029296875, -0.4129638671875, -0.074005126953125, 0.054412841796875, -0.018798828125, 0.013458251953125
0.041961669921875, -0.280426025390625, 0.117828369140625, 0.03271484375, -0.035552978515625, 0.03546142578125
0.052703857421875, -0.088531494140625, 0.21478271484375, 0.012725830078125, -0.01007080078125, 0.036712646484375
0.058441162109375, -0.079193115234375, 0.20318603515625, 0.00115966796875, -0.00054931640625, 0.030487060546875
0.068572998046875, -0.090362548828125, 0.16949462890625, -0.023101806640625, 0.015716552734375, 0.017425537109375
0.080047607421875, -0.123931884765625, 0.13177490234375, -0.048370361328125, 0.02947998046875, 0.0015869140625
0.08001708984375, -0.13433837890625, 0.124786376953125, -0.049957275390625, 0.02978515625, -0.002227783203125
0.085418701171875, -0.154937744140625, 0.1243896484375, -0.04559326171875, 0.028106689453125, -0.003570556640625
0.08258056640625, -0.13232421875, 0.060882568359375, -0.008209228515625, 0.012725830078125, -0.001953125
0.07794189453125, -0.1324462890625, 0.058197021484375, 0.0003662109375, 0.0020751953125, -0.00537109375
0.0672607421875, -0.162078857421875, 0.098785400390625, -0.00177001953125, -0.00531005859375, -0.008575439453125
0.065185546875, -0.18865966796875, 0.145416259765625, -0.01422119140625, -0.00689697265625, -0.009552001953125
0.06640625, -0.18707275390625, 0.1649169921875, -0.023101806640625, -0.00592041015625, -0.009735107421875
0.0703125, -0.20318603515625, 0.17010498046875, -0.0255126953125, -0.00201416015625, -0.008819580078125
0.062744140625, -0.177001953125, 0.15185546875, -0.01605224609375, 0.000244140625, -0.004547119140625
0.0625, -0.171844482421875, 0.15216064453125, -0.01226806640625, -0.000823974609375, -0.00445556640625
0.057891845703125, -0.16632080078125, 0.155731201171875, -0.0042724609375, -0.003326416015625, -0.00506591796875
0.046905517578125, -0.18212890625, 0.171600341796875, 0.00054931640625, -0.00396728515625, -0.008056640625
0.044342041015625, -0.1925048828125, 0.17242431640625, -0.00146484375, -0.00274658203125, -0.009124755859375
0.041595458984375, -0.210662841796875, 0.173858642578125, -0.0120849609375, 0.00140380859375, -0.007781982421875
0.051116943359375, -0.19891357421875, 0.167388916015625, -0.02313232421875, 0.006256103515625, -0.0018310546875

-0.502685546875, -0.66839599609375, 0.453643798828125, -0.024566650390625, -0.0595703125, 0.177154541015625
-0.758544921875, -0.2578125, 0.9998779296875, 0.1416015625, -0.031951904296875, 0.3074951171875
-0.7296142578125, -0.038482666015625, 0.9998779296875, 0.13092041015625, 0.012115478515625, 0.3428955078125
-0.53912353515625, 0.9998779296875, 0.9998779296875, -0.00701904296875, 0.240509033203125, 0.277496337890625
-0.813720703125, 0.5484619140625, 0.25628662109375, 0.03790283203125, 0.3876953125, 0.005340576171875
-0.549346923828125, 0.18157958984375, -0.37554931640625, 0.071258544921875, 0.4031982421875, -0.02069091796875
-0.111572265625, 0.36285400390625, -0.9998779296875, 0.027557373046875, 0.325164794921875, 0.012542724609375
0.01654052734375, 0.432647705078125, -0.239105224609375, -0.180999755859375, 0.056396484375, -0.120941162109375
-0.02642822265625, 0.199005126953125, 0.07244873046875, -0.214111328125, 0.039154052734375, -0.150604248046875
-0.00457763671875, -0.15826416015625, 0.398529052734375, -0.234405517578125, 0.0556640625, -0.162872314453125
0.079833984375, -0.238128662109375, -0.050933837890625, -0.156707763671875, 0.096099853515625, -0.092926025390625
0.103485107421875, -0.21392822265625, -0.16571044921875, -0.117279052734375, 0.084259033203125, -0.086029052734375
0.139404296875, -0.230072021484375, -0.203216552734375, -0.086029052734375, 0.062225341796875, -0.073150634765625
0.161346435546875, -0.14044189453125, -0.168975830078125, -0.07525634765625, 0.03570556640625, -0.0426025390625
0.160369873046875, -0.10003662109375, -0.160064697265625, -0.077850341796875, 0.0322265625, -0.038330078125
0.167327880859375, -0.032806396484375, -0.14306640625, -0.0814208984375, 0.024658203125, -0.03668212890625
0.180908203125, 0.014404296875, -0.3692626953125, -0.056121826171875, -0.0030517578125, -0.0526123046875
0.14874267578125, 0.020843505859375, -0.490234375, -0.04534912109375, -0.020172119140625, -0.057952880859375
0.055572509765625, 0.01654052734375, -0.765869140625, -0.013580322265625, -0.074920654296875, -0.06817626953125
-0.648101806640625, -0.17486572265625, -0.9998779296875, 0.075439453125, -0.308013916015625, -0.1107177734375
-0.999053955078125, -0.30352783203125, -0.9998779296875, 0.108489990234375, -0.4779052734375, -0.132537841796875
-0.9998779296875, -0.922821044921875, -0.851165771484375, 0.26361083984375, -0.628753662109375, -0.14263916015625
-0.9998779296875, -0.9998779296875, 0.9998779296875, 0.15948486328125, -0.61383056640625, -0.069000244140625
-0.9998779296875, -0.9998779296875, 0.9998779296875, 0.08782958984375, -0.4996337890625, 0.146514892578125
-0.655792236328125, 0.166595458984375, 0.9998779296875, -0.13189697265625, -0.004974365234375, 0.29022216796875
-0.33935546875, 0.9371337890625, -0.1334228515625, -0.2720947265625, 0.232879638671875, 0.10162353515625
-0.270904541015625, 0.550628662109375, -0.229034423828125, -0.252532958984375, 0.209686279296875, -0.004486083984375
-0.127197265625, -0.237548828125, -0.20867919921875, -0.111846923828125, 0.128814697265625, -0.10308837890625
0.035400390625, -0.54345703125, -0.118804931640625, 0.03631591796875, 0.01385498046875, -0.03338623046875
0.026397705078125, -0.495147705078125, -0.06494140625, 0.03668212890625, -0.001953125, -0.007659912109375
0.02337646484375, -0.347442626953125, 0.025909423828125, 0.03668212890625, -0.02044677734375, 0.02880859375
0.017425537109375, -0.174713134765625, 0.123779296875, 0.021240234375, -0.02191162109375, 0.047882080078125
0.02984619140625, -0.150665283203125, 0.135162353515625, 0.00665283203125, -0.014617919921875, 0.04498291015625
0.05010986328125, -0.1007080078125, 0.159423828125, -0.009063720703125, -0.004913330078125, 0.037353515625
0.07135009765625, -0.084716796875, 0.134613037109375, -0.03643798828125, 0.00811767578125, 0.01666259765625
0.07269287109375, -0.0936279296875, 0.12591552734375, -0.03070068359375, 0.008544921875, 0.012542724609375
0.0693359375, -0.104156494140625, 0.11370849609375, -0.021636962890625, 0.0057373046875, 0.005279541015625
0.052734375, -0.141326904296875, 0.111297607421875, 0.005157470703125, -0.005218505859375, -0.007598876953125
0.0499267578125, -0.160308837890625, 0.11688232421875, 0.006622314453125, -0.006805419921875, -0.0103759765625
0.043914794921875, -0.196685791015625, 0.132354736328125, 0.0028076171875, -0.007110595703125, -0.013763427734375
0.04400634765625, -0.2318115234375, 0.1326904296875, -0.00830078125, -0.001190185546875, -0.00927734375
0.040802001953125, -0.22930908203125, 0.12457275390625, -0.008026123046875, -0.0009765625, -0.0067138671875
0.040924072265625, -0.22039794921875, 0.12371826171875, -0.0052490234375, -0.00323486328125, -0.00262451171875
0.038360595703125, -0.202728271484375, 0.147247314453125, -0.001068115234375, -0.00738525390625, 0.001953125
0.03558349609375, -0.18988037109375, 0.154571533203125, -0.000579833984375, -0.005950927734375, 0.001617431640625
0.02923583984375, -0.187835693359375, 0.165252685546875, -0.003204345703125, -0.003814697265625, -0.000885009765625
0.028289794921875, -0.203460693359375, 0.1619873046875, -0.00994873046875, 0.002227783203125, -0.00390625
0.0267333984375, -0.207061767578125, 0.15557861328125, -0.011077880859375, 0.004364013671875, -0.00433349609375
0.030609130859375, -0.21392822265625, 0.144134521484375, -0.014251708984375, 0.007080078125, -0.00421142578125
0.03955078125, -0.209747314453125, 0.143157958984375, -0.027496337890625, 0.008514404296875, 0

-0.680419921875, -0.95977783203125, 0.808135986328125, 0.1141357421875, -0.10498046875, 0.292510986328125
-0.770538330078125, -0.2296142578125, 0.9998779296875, 0.11846923828125, -0.073974609375, 0.341552734375
-0.543548583984375, 0.9998779296875, 0.9998779296875, 0.09234619140625, 0.151580810546875, 0.308868408203125
-0.360809326171875, 0.9998779296875, 0.407318115234375, 0.089691162109375, 0.274871826171875, 0.131561279296875
-0.362884521484375, 0.86456298828125, 0.27923583984375, 0.06231689453125, 0.281707763671875, 0.062225341796875
-0.302337646484375, 0.010101318359375, -0.239837646484375, 0.013336181640625, 0.293853759765625, -0.02581787109375
0.084686279296875, 0.232269287109375, -0.515350341796875, -0.11004638671875, 0.1468505859375, -0.015838623046875
0.117645263671875, 0.2852783203125, -0.3924560546875, -0.12896728515625, 0.110992431640625, -0.02972412109375
0.13140869140625, 0.232147216796875, -0.086761474609375, -0.167144775390625, 0.06500244140625, -0.06744384765625
0.122894287109375, -0.013275146484375, 0.13720703125, -0.165863037109375, 0.067962646484375, -0.10015869140625
0.1275634765625, -0.053863525390625, 0.0943603515625, -0.148529052734375, 0.075042724609375, -0.09368896484375
0.1448974609375, -0.007537841796875, -0.081939697265625, -0.0797119140625, 0.06610107421875, -0.083831787109375
0.183013916015625, -0.01910400390625, -0.204132080078125, -0.01776123046875, 0.026611328125, -0.080718994140625
0.178436279296875, -0.005645751953125, -0.192535400390625, -0.01922607421875, 0.017333984375, -0.0794677734375
0.173797607421875, 0.014739990234375, -0.14141845703125, -0.0328369140625, 0.0042724609375, -0.080841064453125
0.14849853515625, 0.04034423828125, -0.032623291015625, -0.088653564453125, 0.001129150390625, -0.092498779296875
0.1544189453125, 0.05120849609375, -0.06903076171875, -0.0975341796875, 0.0028076171875, -0.09564208984375
0.14288330078125, 0.055999755859375, -0.21600341796875, -0.0958251953125, -0.00408935546875, -0.103179931640625
-0.062408447265625, -0.02056884765625, -0.73199462890625, -0.0009765625, -0.13714599609375, -0.11639404296875
-0.3348388671875, -0.1119384765625, -0.9888916015625, 0.04266357421875, -0.1895751953125, -0.12457275390625
-0.8297119140625, -0.3907470703125, -0.9998779296875, 0.09228515625, -0.32501220703125, -0.137481689453125
-0.9998779296875, -0.9998779296875, -0.9998779296875, 0.24212646484375, -0.564483642578125, -0.12518310546875
-0.9998779296875, -0.9998779296875, -0.173095703125, 0.200347900390625, -0.662567138671875, -0.087493896484375
-0.9998779296875, -0.9998779296875, 0.9998779296875, 0.068023681640625, -0.501800537109375, 0.05609130859375
-0.772735595703125, 0.231201171875, 0.9998779296875, -0.155731201171875, 0.01361083984375, 0.3319091796875
-0.594879150390625, 0.98223876953125, 0.626922607421875, -0.2354736328125, 0.131622314453125, 0.307464599609375
-0.24078369140625, 0.9998779296875, -0.26898193359375, -0.30120849609375, 0.204986572265625, 0.0975341796875
-0.014373779296875, -0.406402587890625, -0.20404052734375, -0.024017333984375, 0.04718017578125, -0.090606689453125
0.02374267578125, -0.51629638671875, -0.1153564453125, 0.0140380859375, 0.01788330078125, -0.07171630859375
0.049072265625, -0.52899169921875, 0.093353271484375, 0.004180908203125, -0.011077880859375, -0.022491455078125
0.05279541015625, -0.240631103515625, 0.134674072265625, 0.023773193359375, -0.0157470703125, 0.04827880859375
0.049224853515625, -0.187591552734375, 0.147369384765625, 0.019989013671875, -0.01483154296875, 0.05291748046875
0.056793212890625, -0.101531982421875, 0.15936279296875, 0.0108642578125, -0.007904052734375, 0.053863525390625
0.085357666015625, -0.022552490234375, 0.1556396484375, -0.034698486328125, 0.01287841796875, 0.023223876953125
0.082855224609375, -0.02166748046875, 0.160980224609375, -0.043975830078125, 0.0179443359375, 0.007049560546875
0.08905029296875, -0.089324951171875, 0.134857177734375, -0.049285888671875, 0.01910400390625, -0.00286865234375
0.083099365234375, -0.11505126953125, 0.13751220703125, -0.027313232421875, 0.01226806640625, -0.00628662109375
0.079986572265625, -0.120635986328125, 0.13543701171875, -0.01983642578125, 0.00982666015625, -0.006683349609375
0.074737548828125, -0.119293212890625, 0.142913818359375, -0.015228271484375, 0.006134033203125, -0.008941650390625
0.071014404296875, -0.139373779296875, 0.14886474609375, -0.016387939453125, 0.003509521484375, -0.016754150390625
0.069854736328125, -0.15313720703125, 0.14984130859375, -0.01800537109375, 0.003387451171875, -0.018463134765625
0.06744384765625, -0.175811767578125, 0.147705078125, -0.023834228515625, 0.00274658203125, -0.019622802734375
0.06890869140625, -0.173583984375, 0.181396484375, -0.023284912109375, -0.00054931640625, -0.01416015625
0.069427490234375, -0.164886474609375, 0.188507080078125, -0.021942138671875, -0.00006103515625, -0.012054443359375
0.0721435546875, -0.149383544921875, 0.19207763671875, -0.014556884765625, 0.001220703125, -0.01141357421875
0.0565185546875, -0.139678955078125, 0.210296630859375, -0.016937255859375, 0.0101318359375, -0.01861572265625
0.052032470703125, -0.144927978515625, 0.2049560546875, -0.02093505859375, 0.012786865234375, -0.02069091796875
0.047027587890625, -0.150848388671875, 0.1904296875, -0.0277099609375, 0.017120361328125, -0.024078369140625
0.03900146484375, -0.18707275390625, 0.198455810546875, -0.0386962890625, 0.017974853515625, -0.024566650390625
0.04119873046875, -0.192474365234375, 0.210540771484375, -0.040252685546875, 0.018402099609375, -0.02349853515625

-0.089569091796875, -0.87994384765625, -0.64349365234375, 0.039398193359375, -0.052154541015625, -0.033660888671875
-0.9998779296875, -0.9998779296875, 0.3101806640625, 0.17767333984375, -0.36346435546875, 0.29254150390625
-0.9998779296875, -0.9998779296875, 0.9998779296875, 0.160552978515625, -0.3001708984375, 0.423583984375
-0.9998779296875, 0.778778076171875, 0.9998779296875, 0.072235107421875, -0.126739501953125, 0.467803955078125
-0.06591796875, 0.9998779296875, 0.87261962890625, 0.007476806640625, 0.15936279296875, 0.230987548828125
-0.074676513671875, 0.9998779296875, 0.39385986328125, -0.03900146484375, 0.201202392578125, 0.13323974609375
-0.167816162109375, 0.286346435546875, 0.053070068359375, -0.143768310546875, 0.2109375, -0.0313720703125
0.017852783203125, -0.44927978515625, 0.02581787109375, -0.150360107421875, 0.147491455078125, -0.04266357421875
0.0556640625, -0.304962158203125, 0.0546875, -0.091064453125, 0.12957763671875, -0.008392333984375
0.07244873046875, 0.0943603515625, 0.133087158203125, -0.024261474609375, 0.10833740234375, 0.03204345703125
0.14398193359375, 0.160400390625, -0.075927734375, -0.0189208984375, 0.113555908203125, -0.00506591796875
0.156219482421875, 0.14288330078125, -0.130157470703125, -0.02947998046875, 0.11016845703125, -0.013153076171875
0.164154052734375, 0.1339111328125, -0.180816650390625, -0.063934326171875, 0.095855712890625, -0.02764892578125
0.194061279296875, 0.063995361328125, -0.03717041015625, -0.15185546875, 0.061492919921875, -0.056427001953125
0.191986083984375, 0.085662841796875, 0.0355224609375, -0.166229248046875, 0.058258056640625, -0.059967041015625
0.1885986328125, 0.046966552734375, -0.00909423828125, -0.157470703125, 0.063446044921875, -0.06982421875
0.177154541015625, 0.04693603515625, -0.14654541015625, -0.1363525390625, 0.053955078125, -0.076446533203125
0.18145751953125, 0.09698486328125, -0.15289306640625, -0.1409912109375, 0.04705810546875, -0.078369140625
0.115966796875, 0.1812744140625, -0.141448974609375, -0.1495361328125, 0.0306396484375, -0.088623046875
0.02734375, 0.033843994140625, -0.240570068359375, -0.10516357421875, -0.01544189453125, -0.13037109375
-0.00762939453125, -0.0220947265625, -0.29864501953125, -0.089935302734375, -0.03240966796875, -0.134002685546875
-0.072021484375, -0.1622314453125, -0.49371337890625, -0.0611572265625, -0.07830810546875, -0.133758544921875
-0.44036865234375, -0.802642822265625, -0.99169921875, 0.00445556640625, -0.255767822265625, -0.085296630859375
-0.719146728515625, -0.989654541015625, -0.9998779296875, 0.038421630859375, -0.393707275390625, -0.008575439453125
-0.9998779296875, -0.9998779296875, -0.663909912109375, 0.173492431640625, -0.5458984375, 0.07818603515625
-0.9998779296875, -0.9998779296875, 0.9998779296875, 0.315521240234375, -0.66009521484375, 0.11175537109375
-0.9998779296875, -0.9998779296875, 0.9998779296875, 0.234039306640625, -0.56011962890625, 0.1273193359375
-0.473175048828125, -0.411773681640625, 0.9998779296875, -0.016021728515625, -0.1632080078125, 0.207611083984375
-0.351104736328125, 0.538299560546875, -0.133026123046875, -0.3033447265625, 0.211578369140625, -0.0263671875
-0.302276611328125, 0.054229736328125, -0.11328125, -0.263824462890625, 0.174072265625, -0.098541259765625
-0.139617919921875, -0.607421875, -0.1810302734375, 0.02874755859375, 0.064697265625, -0.089599609375
0.01751708984375, -0.424713134765625, 0.06793212890625, 0.019683837890625, -0.00750732421875, 0.0316162109375
0.031280517578125, -0.243408203125, 0.21722412109375, -0.014373779296875, -0.00640869140625, 0.041778564453125
0.01739501953125, -0.1414794921875, 0.206756591796875, -0.008056640625, 0.008544921875, 0.049102783203125
0.041107177734375, 0.0177001953125, 0.139404296875, -0.07855224609375, 0.0321044921875, 0.03082275390625
0.053466796875, 0.035888671875, 0.154815673828125, -0.096282958984375, 0.033905029296875, 0.0205078125
0.05670166015625, 0.007476806640625, 0.21258544921875, -0.102081298828125, 0.03631591796875, -0.00054931640625
0.06103515625, -0.04254150390625, 0.189361572265625, -0.07049560546875, 0.0419921875, -0.019378662109375
0.057220458984375, -0.054901123046875, 0.16552734375, -0.059539794921875, 0.03997802734375, -0.021942138671875
0.061859130859375, -0.088714599609375, 0.136077880859375, -0.047637939453125, 0.03179931640625, -0.02410888671875
0.05499267578125, -0.10107421875, 0.1337890625, -0.02191162109375, 0.0091552734375, -0.018646240234375
0.050262451171875, -0.11376953125, 0.140625, -0.01275634765625, 0.003631591796875, -0.01751708984375
0.049346923828125, -0.141876220703125, 0.17236328125, 0.000518798828125, -0.005035400390625, -0.013641357421875
0.056304931640625, -0.143157958984375, 0.2548828125, -0.010345458984375, -0.004730224609375, 0.002288818359375
0.065338134765625, -0.10723876953125, 0.258941650390625, -0.014190673828125, -0.00201416015625, 0.00445556640625
0.064453125, -0.06622314453125, 0.256103515625, -0.01727294921875, 0.004150390625, 0.005096435546875
0.0543212890625, -0.036712646484375, 0.18939208984375, -0.02178955078125, 0.007965087890625, -0.002655029296875
0.05291748046875, -0.035919189453125, 0.193328857421875, -0.021331787109375, 0.005706787109375, -0.005340576171875
0.050811767578125, -0.05035400390625, 0.20806884765625, -0.008880615234375, 0.00079345703125, -0.0107421875
0.046234130859375, -0.1162109375, 0.2535400390625, 0.002410888671875, -0.000274658203125, -0.01422119140625

-0.340728759765625, -0.9998779296875, 0.324066162109375, -0.049591064453125, -0.064605712890625, 0.08648681640625
-0.88616943359375, -0.32122802734375, 0.919647216796875, 0.034881591796875, -0.08807373046875, 0.33868408203125
-0.77264404296875, 0.34564208984375, 0.9998779296875, 0.0701904296875, -0.038299560546875, 0.334716796875
-0.49224853515625, 0.950439453125, 0.9998779296875, 0.039825439453125, 0.101593017578125, 0.30059814453125
-0.440277099609375, 0.9998779296875, 0.4302978515625, -0.03009033203125, 0.307586669921875, 0.023468017578125
-0.585418701171875, 0.768463134765625, 0.3416748046875, -0.01702880859375, 0.3109130859375, -0.0533447265625
-0.423919677734375, 0.052947998046875, -0.1490478515625, -0.00689697265625, 0.31890869140625, -0.11920166015625
-0.10980224609375, 0.2198486328125, -0.65765380859375, -0.06787109375, 0.141326904296875, -0.11810302734375
-0.010040283203125, -0.073760986328125, -0.463897705078125, -0.1041259765625, 0.099700927734375, -0.12567138671875
0.072784423828125, -0.136749267578125, 0.0758056640625, -0.152252197265625, 0.048370361328125, -0.113800048828125
0.038787841796875, 0.095367431640625, 0.013092041015625, -0.116119384765625, 0.094696044921875, -0.1129150390625
0.03131103515625, -0.003662109375, -0.119171142578125, -0.082489013671875, 0.08447265625, -0.128509521484375
0.074737548828125, -0.20294189453125, -0.21624755859375, -0.07330322265625, 0.0574951171875, -0.122100830078125
0.108489990234375, -0.234161376953125, -0.135528564453125, -0.085662841796875, 0.027374267578125, -0.095855712890625
0.128692626953125, -0.2025146484375, -0.103912353515625, -0.089080810546875, 0.01763916015625, -0.079010009765625
0.132965087890625, -0.096160888671875, -0.076629638671875, -0.0765380859375, 0.01177978515625, -0.070037841796875
0.128936767578125, -0.14892578125, -0.154754638671875, -0.044677734375, -0.000640869140625, -0.071044921875
0.1240234375, -0.169952392578125, -0.181365966796875, -0.036834716796875, -0.0074462890625, -0.069580078125
0.112152099609375, -0.200958251953125, -0.216064453125, -0.034027099609375, -0.02520751953125, -0.0634765625
0.052490234375, -0.180572509765625, -0.471221923828125, -0.04132080078125, -0.079132080078125, -0.044219970703125
0.002227783203125, -0.198028564453125, -0.608306884765625, -0.031890869140625, -0.1044921875, -0.039093017578125
-0.22271728515625, -0.268157958984375, -0.89935302734375, -0.01251220703125, -0.1876220703125, -0.02789306640625
-0.9998779296875, -0.741668701171875, -0.9998779296875, 0.223052978515625, -0.50201416015625, -0.003448486328125
-0.9998779296875, -0.982208251953125, -0.846649169921875, 0.3109130859375, -0.647064208984375, -0.028564453125
-0.9998779296875, -0.9998779296875, 0.76776123046875, 0.284393310546875, -0.700653076171875, -0.016143798828125
-0.767242431640625, -0.32122802734375, 0.9998779296875, -0.036834716796875, -0.20654296875, 0.30316162109375
-0.465606689453125, 0.82916259765625, 0.9998779296875, -0.120025634765625, -0.019989013671875, 0.312713623046875
-0.319000244140625, 0.9998779296875, 0.1832275390625, -0.2867431640625, 0.20037841796875, 0.1201171875
-0.172882080078125, -0.5777587890625, 0.027252197265625, -0.147064208984375, 0.099700927734375, -0.167633056640625
-0.0987548828125, -0.726165771484375, 0.0184326171875, -0.05810546875, 0.077117919921875, -0.140228271484375
-0.000518798828125, -0.73602294921875, 0.045623779296875, 0.02294921875, 0.043975830078125, -0.058746337890625
0.0093994140625, -0.333770751953125, 0.069732666015625, 0.008941650390625, 0.029693603515625, 0.05828857421875
0.0089111328125, -0.1678466796875, 0.021453857421875, 0.0040283203125, 0.02618408203125, 0.06427001953125
0.028106689453125, -0.05645751953125, 0.01080322265625, 0.002105712890625, 0.015655517578125, 0.064300537109375
0.075042724609375, 0.01239013671875, 0.086273193359375, -0.015777587890625, 0.002716064453125, 0.033782958984375
0.085601806640625, 0.010986328125, 0.11260986328125, -0.02935791015625, 0.0010986328125, 0.015777587890625
0.09259033203125, -0.034149169921875, 0.1768798828125, -0.0355224609375, 0.002532958984375, 0.001708984375
0.09979248046875, -0.09393310546875, 0.1920166015625, -0.036773681640625, 0.009613037109375, -0.0103759765625
0.096099853515625, -0.10833740234375, 0.1846923828125, -0.035614013671875, 0.012054443359375, -0.0120849609375
0.08746337890625, -0.1202392578125, 0.15618896484375, -0.031524658203125, 0.014617919921875, -0.01251220703125
0.06451416015625, -0.080841064453125, 0.112030029296875, -0.018585205078125, 0.007354736328125, -0.01513671875
0.0589599609375, -0.0816650390625, 0.123260498046875, -0.016448974609375, 0.003021240234375, -0.0186767578125
0.049041748046875, -0.1226806640625, 0.156707763671875, -0.009735107421875, -0.00341796875, -0.026519775390625
0.039093017578125, -0.198211669921875, 0.212493896484375, -0.01739501953125, -0.00482177734375, -0.025726318359375
0.038421630859375, -0.2056884765625, 0.235107421875, -0.016937255859375, -0.00360107421875, -0.01959228515625
0.03851318359375, -0.155426025390625, 0.257232666015625, -0.00689697265625, 0.001556396484375, -0.014678955078125
0.03369140625, -0.12164306640625, 0.2266845703125, 0.00811767578125, 0.00823974609375, -0.017974853515625
0.021392822265625, -0.13140869140625, 0.21783447265625, 0.00933837890625, 0.010589599609375, -0.021209716796875
0.025970458984375, -0.169891357421875, 0.196533203125, 0.0032958984375, 0.015472412109375, -0.02587890625
0.021820068359375, -0.20452880859375, 0.171905517578125, -0.016845703125, 0.019866943359375, -0.023162841796875

-0.094512939453125, -0.505645751953125, -0.9998779296875, 0.025665283203125, -0.005828857421875, -0.07366943359375
-0.9998779296875, -0.9998779296875, -0.477447509765625, 0.16009521484375, -0.457183837890625, 0.102081298828125
-0.9998779296875, -0.9998779296875, 0.308990478515625, 0.21124267578125, -0.513824462890625, 0.2108154296875
-0.9998779296875, -0.9998779296875, 0.9998779296875, 0.10162353515625, -0.4892578125, 0.431854248046875
-0.62060546875, 0.9998779296875, 0.9998779296875, -0.228607177734375, 0.111419677734375, 0.279937744140625
-0.0814208984375, 0.9998779296875, 0.29815673828125, -0.201934814453125, 0.214324951171875, 0.099273681640625
-0.2445068359375, 0.444732666015625, 0.140228271484375, -0.260772705078125, 0.13800048828125, -0.1529541015625
-0.040557861328125, -0.33990478515625, 0.774871826171875, -0.18939208984375, 0.124542236328125, -0.131927490234375
-0.0606689453125, -0.131561279296875, 0.7181396484375, -0.1563720703125, 0.15142822265625, -0.100494384765625
-0.135406494140625, 0.029205322265625, 0.247802734375, -0.0943603515625, 0.204833984375, -0.081451416015625
0.050079345703125, -0.110504150390625, -0.430938720703125, -0.06060791015625, 0.185272216796875, -0.07110595703125
0.090087890625, -0.091217041015625, -0.501922607421875, -0.066070556640625, 0.1629638671875, -0.06182861328125
0.134613037109375, 0.003387451171875, -0.465789794921875, -0.0994873046875, 0.103668212890625, -0.054962158203125
0.168914794921875, 0.07806396484375, -0.03424072265625, -0.122894287109375, 0.027191162109375, -0.07183837890625
0.16229248046875, 0.075042724609375, -0.02142333984375, -0.1099853515625, 0.0245361328125, -0.07696533203125
0.15777587890625, 0.01507568359375, -0.072784423828125, -0.081268310546875, 0.01947021484375, -0.087158203125
0.131561279296875, 0.02593994140625, -0.200103759765625, -0.092010498046875, -0.014801025390625, -0.099639892578125
0.11328125, -0.027191162109375, -0.237823486328125, -0.074127197265625, -0.041961669921875, -0.1021728515625
0.051116943359375, -0.094329833984375, -0.320068359375, -0.03668212890625, -0.081085205078125, -0.100006103515625
-0.0743408203125, -0.248016357421875, -0.430145263671875, 0.017181396484375, -0.152801513671875, -0.0960693359375
-0.14007568359375, -0.32110595703125, -0.440948486328125, 0.0211181640625, -0.180816650390625, -0.09149169921875
-0.325164794921875, -0.474090576171875, -0.47454833984375, 0.034454345703125, -0.242950439453125, -0.069488525390625
-0.9998779296875, -0.987823486328125, -0.747467041015625, 0.20953369140625, -0.425994873046875, 0.010284423828125
-0.9998779296875, -0.9998779296875, -0.522918701171875, 0.2447509765625, -0.488311767578125, 0.027069091796875
-0.9998779296875, -0.9998779296875, 0.2884521484375, 0.246734619140625, -0.56182861328125, 0.051788330078125
-0.963470458984375, -0.98065185546875, 0.9998779296875, 0.114776611328125, -0.325653076171875, 0.23834228515625
-0.627044677734375, -0.32977294921875, 0.9998779296875, 0.02227783203125, -0.058074951171875, 0.26153564453125
-0.27447509765625, 0.8660888671875, 0.627655029296875, -0.185821533203125, 0.144073486328125, 0.152435302734375
-0.098297119140625, -0.29779052734375, -0.08648681640625, -0.211212158203125, 0.1507568359375, -0.084228515625
-0.04388427734375, -0.41357421875, -0.123138427734375, -0.1470947265625, 0.12420654296875, -0.08111572265625
0.018646240234375, -0.42266845703125, -0.16851806640625, -0.036895751953125, 0.069091796875, -0.045257568359375
0.0499267578125, -0.330902099609375, -0.005279541015625, 0.045013427734375, -0.008697509765625, 0.016632080078125
0.041107177734375, -0.291595458984375, 0.0294189453125, 0.048370361328125, -0.015350341796875, 0.027618408203125
0.03936767578125, -0.186614990234375, 0.0859375, 0.032196044921875, -0.0196533203125, 0.03997802734375
0.0634765625, -0.087554931640625, 0.1527099609375, -0.00262451171875, -0.012237548828125, 0.033660888671875
0.074066162109375, -0.07177734375, 0.156951904296875, -0.0086669921875, -0.008880615234375, 0.02984619140625
0.089263916015625, -0.0545654296875, 0.1595458984375, -0.017242431640625, -0.003387451171875, 0.021148681640625
0.093017578125, -0.07708740234375, 0.164031982421875, -0.02581787109375, 0.00445556640625, -0.000762939453125
0.09234619140625, -0.0799560546875, 0.155426025390625, -0.019866943359375, 0.004241943359375, -0.00360107421875
0.0826416015625, -0.104095458984375, 0.13824462890625, -0.006195068359375, 0.001800537109375, -0.009124755859375
0.06658935546875, -0.1419677734375, 0.125640869140625, 0.003143310546875, -0.0045166015625, -0.01422119140625
0.062408447265625, -0.1510009765625, 0.128448486328125, 0.002899169921875, -0.006072998046875, -0.015289306640625
0.058929443359375, -0.175048828125, 0.150177001953125, -0.00115966796875, -0.0086669921875, -0.016815185546875
0.057586669921875, -0.182525634765625, 0.175567626953125, -0.0062255859375, -0.006866455078125, -0.01336669921875
0.05694580078125, -0.1787109375, 0.1773681640625, -0.00628662109375, -0.00628662109375, -0.0126953125
0.05413818359375, -0.173858642578125, 0.184417724609375, -0.00439453125, -0.005645751953125, -0.01171875
0.050201416015625, -0.130889892578125, 0.215179443359375, -0.002105712890625, -0.0008544921875, -0.013885498046875
0.046356201171875, -0.13201904296875, 0.22119140625, -0.00567626953125, 0.005157470703125, -0.019775390625
0.03564453125, -0.1573486328125, 0.225555419921875, -0.021392822265625, 0.0123291015625, -0.024566650390625
0.023406982421875, -0.1793212890625, 0.2115478515625, -0.03912353515625, 0.02520751953125, -0.028076171875

-0.9998779296875, -0.9998779296875, 0.45294189453125, 0.2078857421875, -0.373687744140625, 0.22845458984375
-0.9998779296875, -0.9998779296875, 0.9998779296875, 0.18292236328125, -0.38330078125, 0.289764404296875
-0.9998779296875, -0.991241455078125, 0.9998779296875, 0.0797119140625, -0.28070068359375, 0.411956787109375
-0.2943115234375, 0.9998779296875, 0.86871337890625, -0.11029052734375, 0.11541748046875, 0.315032958984375
-0.04425048828125, 0.9998779296875, 0.324005126953125, -0.09735107421875, 0.158905029296875, 0.20245361328125
-0.018768310546875, 0.786407470703125, 0.1834716796875, -0.14990234375, 0.15234375, 0.008026123046875
-0.064208984375, -0.1873779296875, 0.509857177734375, -0.211944580078125, 0.142364501953125, -0.108306884765625
-0.085113525390625, -0.1925048828125, 0.515838623046875, -0.2080078125, 0.1551513671875, -0.101165771484375
-0.095001220703125, -0.146514892578125, 0.299072265625, -0.18341064453125, 0.187225341796875, -0.083221435546875
0.0133056640625, -0.00830078125, -0.129730224609375, -0.156219482421875, 0.185028076171875, -0.066802978515625
0.04669189453125, 0.01263427734375, -0.175994873046875, -0.154388427734375, 0.17193603515625, -0.06951904296875
0.08544921875, -0.0189208984375, -0.2086181640625, -0.141326904296875, 0.13885498046875, -0.077545166015625
0.14306640625, -0.03326416015625, -0.1019287109375, -0.13702392578125, 0.0872802734375, -0.0714111328125
0.156097412109375, -0.002471923828125, -0.06829833984375, -0.136077880859375, 0.07684326171875, -0.0703125
0.155792236328125, 0.0135498046875, -0.135406494140625, -0.115936279296875, 0.07403564453125, -0.07525634765625
0.1474609375, -0.00543212890625, -0.2364501953125, -0.082794189453125, 0.04144287109375, -0.07989501953125
0.13629150390625, -0.006744384765625, -0.23736572265625, -0.0753173828125, 0.030303955078125, -0.081451416015625
0.117156982421875, -0.017181396484375, -0.239532470703125, -0.06304931640625, 0.00726318359375, -0.08575439453125
0.089874267578125, -0.11175537109375, -0.22027587890625, -0.036285400390625, -0.03717041015625, -0.09466552734375
0.08746337890625, -0.13677978515625, -0.251556396484375, -0.0294189453125, -0.0457763671875, -0.09417724609375
0.0555419921875, -0.1776123046875, -0.407196044921875, -0.010955810546875, -0.067626953125, -0.091400146484375
-0.2421875, -0.26983642578125, -0.885498046875, 0.043304443359375, -0.1812744140625, -0.09051513671875
-0.44647216796875, -0.312164306640625, -0.9998779296875, 0.051177978515625, -0.2362060546875, -0.08905029296875
-0.9998779296875, -0.464630126953125, -0.9998779296875, 0.08831787109375, -0.39117431640625, -0.082305908203125
-0.9998779296875, -0.9998779296875, -0.303955078125, 0.26568603515625, -0.6951904296875, -0.060760498046875
-0.9998779296875, -0.9998779296875, 0.722381591796875, 0.165618896484375, -0.650665283203125, 0.011749267578125
-0.9998779296875, -0.9998779296875, 0.9998779296875, 0.015625, -0.4132080078125, 0.24102783203125
-0.504119873046875, 0.9998779296875, 0.97552490234375, -0.2113037109375, 0.077423095703125, 0.31036376953125
-0.27777099609375, 0.9998779296875, 0.28070068359375, -0.30328369140625, 0.168548583984375, 0.20025634765625
-0.233856201171875, 0.559173583984375, -0.101776123046875, -0.303497314453125, 0.168548583984375, -0.062957763671875
-0.0062255859375, -0.65582275390625, 0.0108642578125, -0.04180908203125, 0.052001953125, -0.109039306640625
0.027862548828125, -0.63653564453125, 0.035797119140625, -0.002655029296875, 0.03375244140625, -0.071746826171875
0.057891845703125, -0.50885009765625, 0.11102294921875, 0.0302734375, 0.0108642578125, -0.00732421875
0.04595947265625, -0.215484619140625, 0.12298583984375, 0.02410888671875, 0.00634765625, 0.05877685546875
0.048126220703125, -0.150970458984375, 0.11212158203125, 0.027557373046875, 0.007537841796875, 0.06787109375
0.06597900390625, 0.0062255859375, 0.11224365234375, 0.007232666015625, 0.006378173828125, 0.062042236328125
0.104156494140625, 0.044464111328125, 0.1285400390625, -0.02093505859375, 0.0106201171875, 0.02410888671875
0.10809326171875, 0.02618408203125, 0.135711669921875, -0.027374267578125, 0.011199951171875, 0.00604248046875
0.1126708984375, -0.037200927734375, 0.153533935546875, -0.03515625, 0.012481689453125, -0.00799560546875
0.095672607421875, -0.0816650390625, 0.137451171875, -0.029632568359375, 0.0118408203125, -0.0185546875
0.09130859375, -0.0911865234375, 0.131103515625, -0.02777099609375, 0.010345458984375, -0.02056884765625
0.080474853515625, -0.1064453125, 0.11431884765625, -0.01873779296875, 0.005767822265625, -0.02410888671875
0.069671630859375, -0.1641845703125, 0.133453369140625, -0.006195068359375, -0.006378173828125, -0.0291748046875
0.06817626953125, -0.180023193359375, 0.144866943359375, -0.0068359375, -0.00787353515625, -0.02886962890625
0.06689453125, -0.203094482421875, 0.16400146484375, -0.01043701171875, -0.0087890625, -0.0260009765625
0.06158447265625, -0.196563720703125, 0.191558837890625, -0.01519775390625, -0.0064697265625, -0.012176513671875
0.057342529296875, -0.1705322265625, 0.196990966796875, -0.012451171875, -0.005767822265625, -0.010345458984375
0.05084228515625, -0.147003173828125, 0.208221435546875, -0.006134033203125, -0.003753662109375, -0.011260986328125
0.044158935546875, -0.1575927734375, 0.210235595703125, -0.00445556640625, 0.001068115234375, -0.01568603515625
0.041046142578125, -0.16143798828125, 0.208587646484375, -0.006103515625, 0.0029296875, -0.01678466796875

-0.769561767578125, -0.9998779296875, 0.16156005859375, 0.158172607421875, -0.204345703125, 0.17864990234375
-0.9998779296875, -0.9998779296875, 0.49560546875, 0.1466064453125, -0.22698974609375, 0.25048828125
-0.9998779296875, -0.9984130859375, 0.9998779296875, 0.11480712890625, -0.217529296875, 0.385986328125
-0.6060791015625, 0.9998779296875, 0.9998779296875, -0.040435791015625, 0.05731201171875, 0.379302978515625
-0.30694580078125, 0.9998779296875, 0.96905517578125, -0.09490966796875, 0.147308349609375, 0.29473876953125
-0.00543212890625, 0.9998779296875, 0.11505126953125, -0.145782470703125, 0.208648681640625, 0.109375
-0.14434814453125, 0.178314208984375, 0.1866455078125, -0.1875, 0.13580322265625, -0.1573486328125
-0.136474609375, -0.09033203125, 0.334381103515625, -0.188140869140625, 0.1361083984375, -0.156219482421875
-0.070037841796875, -0.08905029296875, 0.262664794921875, -0.1800537109375, 0.15216064453125, -0.13983154296875
-0.0284423828125, -0.128021240234375, 0.025177001953125, -0.1495361328125, 0.159271240234375, -0.125885009765625
-0.011688232421875, -0.135284423828125, -0.036102294921875, -0.137725830078125, 0.15301513671875, -0.120452880859375
0.048370361328125, -0.127838134765625, -0.1202392578125, -0.106292724609375, 0.13140869140625, -0.10711669921875
0.114990234375, -0.131683349609375, -0.19635009765625, -0.045654296875, 0.081787109375, -0.08636474609375
0.136810302734375, -0.147918701171875, -0.21014404296875, -0.04144287109375, 0.07257080078125, -0.081787109375
0.16796875, -0.110565185546875, -0.19635009765625, -0.0572509765625, 0.056884765625, -0.069732666015625
0.17718505859375, -0.05181884765625, -0.139617919921875, -0.086273193359375, 0.034393310546875, -0.06207275390625
0.174285888671875, -0.043670654296875, -0.127838134765625, -0.083770751953125, 0.024261474609375, -0.06341552734375
0.158721923828125, -0.06201171875, -0.181488037109375, -0.055511474609375, 0.01446533203125, -0.065338134765625
0.139190673828125, -0.0751953125, -0.346954345703125, -0.024200439453125, -0.025604248046875, -0.0694580078125
0.131439208984375, -0.084686279296875, -0.400238037109375, -0.02020263671875, -0.0416259765625, -0.070892333984375
0.061614990234375, -0.098388671875, -0.559173583984375, 0.009918212890625, -0.081817626953125, -0.072113037109375
-0.369232177734375, -0.15179443359375, -0.883392333984375, 0.065155029296875, -0.23223876953125, -0.095672607421875
-0.563720703125, -0.25860595703125, -0.9998779296875, 0.10040283203125, -0.285675048828125, -0.1016845703125
-0.9998779296875, -0.550750732421875, -0.9998779296875, 0.155792236328125, -0.42724609375, -0.116668701171875
-0.9998779296875, -0.9998779296875, -0.226318359375, 0.25360107421875, -0.640777587890625, -0.089141845703125
-0.9998779296875, -0.9998779296875, 0.398101806640625, 0.2366943359375, -0.6497802734375, -0.0753173828125
-0.9998779296875, -0.9998779296875, 0.9998779296875, 0.12615966796875, -0.54949951171875, 0.01708984375
-0.589111328125, 0.583251953125, 0.9998779296875, -0.215728759765625, 0.1300048828125, 0.23858642578125
-0.33154296875, 0.9998779296875, 0.1168212890625, -0.27630615234375, 0.185150146484375, 0.13934326171875
-0.163330078125, 0.11370849609375, -0.198822021484375, -0.24053955078125, 0.16522216796875, -0.04132080078125
0.05963134765625, -0.52239990234375, -0.157379150390625, -0.00146484375, 0.031951904296875, -0.024139404296875
0.06927490234375, -0.4407958984375, -0.054107666015625, 0.00445556640625, 0.0098876953125, 0.000946044921875
0.078216552734375, -0.281768798828125, 0.0811767578125, 0.00482177734375, -0.00921630859375, 0.033050537109375
0.08514404296875, -0.092010498046875, 0.14459228515625, -0.01727294921875, -0.002166748046875, 0.046295166015625
0.0909423828125, -0.03436279296875, 0.146820068359375, -0.018341064453125, 0.0020751953125, 0.0433349609375
0.09906005859375, -0.017181396484375, 0.128936767578125, -0.00762939453125, 0.00909423828125, 0.030242919921875
0.1116943359375, -0.06390380859375, 0.10357666015625, -0.024658203125, 0.0147705078125, 0.005462646484375
0.10955810546875, -0.086822509765625, 0.098968505859375, -0.03228759765625, 0.0125732421875, -0.001800537109375
0.082489013671875, -0.179901123046875, 0.153533935546875, -0.00030517578125, -0.011505126953125, -0.0162353515625
0.08135986328125, -0.196990966796875, 0.1650390625, -0.00592041015625, -0.00994873046875, -0.01495361328125
0.078155517578125, -0.194610595703125, 0.16851806640625, -0.007354736328125, -0.00811767578125, -0.01153564453125
0.074249267578125, -0.18109130859375, 0.17694091796875, -0.002655029296875, -0.007476806640625, -0.00689697265625
0.071929931640625, -0.1707763671875, 0.1778564453125, -0.000274658203125, -0.006927490234375, -0.00604248046875
0.0703125, -0.160675048828125, 0.180633544921875, 0.0023193359375, -0.00567626953125, -0.0067138671875
0.0601806640625, -0.1751708984375, 0.164886474609375, -0.000274658203125, 0.000640869140625, -0.011749267578125
0.056243896484375, -0.18646240234375, 0.16290283203125, -0.009307861328125, 0.0032958984375, -0.012359619140625
0.05780029296875, -0.209228515625, 0.1578369140625, -0.013214111328125, 0.00506591796875, -0.01104736328125
0.0625, -0.201904296875, 0.150146484375, -0.015106201171875, 0.005645751953125, -0.005401611328125
0.06488037109375, -0.196014404296875, 0.151336669921875, -0.016021728515625, 0.005279541015625, -0.003509521484375
0.072479248046875, -0.17626953125, 0.156707763671875, -0.01715087890625, 0.004364013671875, -0.00054931640625

-0.247039794921875, -0.9998779296875, -0.613250732421875, 0.10418701171875, -0.120819091796875, 0.0576171875
-0.53643798828125, -0.9998779296875, -0.39703369140625, 0.144561767578125, -0.23876953125, 0.206329345703125
-0.9998779296875, -0.9998779296875, 0.9998779296875, 0.16766357421875, -0.29742431640625, 0.377777099609375
-0.9998779296875, 0.60595703125, 0.9998779296875, 0.204681396484375, -0.056976318359375, 0.4637451171875
-0.753204345703125, 0.9998779296875, 0.9998779296875, 0.166473388671875, 0.056060791015625, 0.424041748046875
-0.3089599609375, 0.9998779296875, 0.77337646484375, 0.04638671875, 0.221893310546875, 0.26873779296875
-0.14703369140625, -0.146331787109375, -0.332977294921875, -0.1466064453125, 0.229522705078125, -0.054901123046875
-0.025726318359375, -0.31494140625, -0.39276123046875, -0.143798828125, 0.195281982421875, -0.05560302734375
0.084625244140625, -0.146331787109375, -0.065093994140625, -0.090087890625, 0.113525390625, -0.012054443359375
0.117462158203125, 0.384979248046875, 0.308258056640625, -0.10565185546875, 0.122161865234375, -0.036590576171875
0.089141845703125, 0.40313720703125, 0.187744140625, -0.1265869140625, 0.156768798828125, -0.06304931640625
0.039154052734375, -0.024322509765625, -0.210662841796875, -0.123291015625, 0.148712158203125, -0.0999755859375
0.093658447265625, -0.1729736328125, -0.148773193359375, -0.18585205078125, 0.0947265625, -0.082733154296875
0.125885009765625, -0.099212646484375, -0.03875732421875, -0.19305419921875, 0.0867919921875, -0.071624755859375
0.15863037109375, 0.08343505859375, -0.077484130859375, -0.186614990234375, 0.085601806640625, -0.076080322265625
0.109222412109375, 0.046234130859375, -0.146240234375, -0.162811279296875, 0.0645751953125, -0.105438232421875
0.110992431640625, 0.01153564453125, -0.178985595703125, -0.149017333984375, 0.0538330078125, -0.113311767578125
0.0828857421875, -0.02960205078125, -0.307220458984375, -0.11566162109375, 0.028228759765625, -0.1202392578125
-0.01226806640625, -0.160186767578125, -0.44482421875, -0.052398681640625, -0.060211181640625, -0.126190185546875
-0.031829833984375, -0.206756591796875, -0.4453125, -0.04443359375, -0.0867919921875, -0.125823974609375
-0.103790283203125, -0.328765869140625, -0.4520263671875, -0.02288818359375, -0.1412353515625, -0.120758056640625
-0.511444091796875, -0.621185302734375, -0.766357421875, 0.060089111328125, -0.27008056640625, -0.069671630859375
-0.74505615234375, -0.62493896484375, -0.8988037109375, 0.094024658203125, -0.380096435546875, -0.020050048828125
-0.9998779296875, -0.640716552734375, -0.90185546875, 0.185699462890625, -0.534454345703125, 0.0009765625
-0.9998779296875, -0.9998779296875, 0.9998779296875, 0.14483642578125, -0.6060791015625, -0.014404296875
-0.9998779296875, -0.9998779296875, 0.9998779296875, 0.115814208984375, -0.534149169921875, 0.0487060546875
-0.832550048828125, -0.935638427734375, 0.9998779296875, 0.03619384765625, -0.285064697265625, 0.21575927734375
-0.3621826171875, 0.99981689453125, 0.159454345703125, -0.22607421875, 0.224639892578125, 0.075469970703125
-0.319305419921875, 0.50811767578125, -0.179962158203125, -0.202789306640625, 0.22393798828125, -0.03033447265625
-0.158538818359375, -0.4063720703125, -0.393798828125, -0.07843017578125, 0.149932861328125, -0.113739013671875
0.01300048828125, -0.626556396484375, -0.1729736328125, 0.015655517578125, -0.030487060546875, 0.01715087890625
-0.009552001953125, -0.419158935546875, 0.040313720703125, 0.0157470703125, -0.03759765625, 0.035003662109375
-0.020538330078125, -0.251983642578125, 0.1358642578125, 0.012542724609375, -0.039886474609375, 0.0535888671875
0.007598876953125, -0.08685302734375, 0.201446533203125, -0.00543212890625, -0.010955810546875, 0.044464111328125
0.034637451171875, -0.04791259765625, 0.1990966796875, -0.0206298828125, 0.005645751953125, 0.029144287109375
0.05133056640625, -0.0528564453125, 0.1419677734375, -0.033660888671875, 0.01641845703125, 0.01336669921875
0.054931640625, -0.13665771484375, 0.08203125, -0.02972412109375, 0.016082763671875, -0.00384521484375
0.05364990234375, -0.16229248046875, 0.08319091796875, -0.02642822265625, 0.0125732421875, -0.00653076171875
0.056488037109375, -0.19256591796875, 0.096282958984375, -0.018096923828125, 0.0059814453125, -0.00726318359375
0.04119873046875, -0.1787109375, 0.12255859375, -0.00579833984375, -0.00048828125, -0.003753662109375
0.038238525390625, -0.1795654296875, 0.125823974609375, -0.002471923828125, -0.00067138671875, -0.00445556640625
0.031707763671875, -0.186187744140625, 0.125213623046875, -0.003662109375, 0.0006103515625, -0.00689697265625
0.023712158203125, -0.202484130859375, 0.11846923828125, -0.022979736328125, 0.002593994140625, -0.011932373046875
0.022491455078125, -0.207305908203125, 0.124725341796875, -0.02545166015625, 0.00128173828125, -0.012542724609375
0.021209716796875, -0.209625244140625, 0.146209716796875, -0.024688720703125, -0.0008544921875, -0.01251220703125
0.01568603515625, -0.23419189453125, 0.222259521484375, -0.03704833984375, 0.002777099609375, -0.012847900390625
0.01470947265625, -0.24090576171875, 0.2412109375, -0.043609619140625, 0.006805419921875, -0.011871337890625
0.017120361328125, -0.23785400390625, 0.258636474609375, -0.0615234375, 0.0189208984375, -0.00872802734375
0.0067138671875, -0.193756103515625, 0.221649169921875, -0.0982666015625, 0.041778564453125, -0.005126953125
0.006256103515625, -0.18267822265625, 0.215850830078125, -0.104217529296875, 0.044189453125, -0.00537109375

-0.282470703125, -0.9998779296875, -0.9998779296875, 0.09442138671875, -0.1700439453125, 0.02362060546875
-0.548553466796875, -0.9998779296875, -0.75823974609375, 0.1689453125, -0.261474609375, 0.0509033203125
-0.9998779296875, -0.9998779296875, 0.66522216796875, 0.31353759765625, -0.448699951171875, 0.277740478515625
-0.9998779296875, -0.907073974609375, 0.9998779296875, 0.201934814453125, -0.343231201171875, 0.484619140625
-0.9998779296875, 0.368743896484375, 0.9998779296875, 0.093048095703125, -0.17718505859375, 0.51104736328125
-0.4620361328125, 0.9998779296875, 0.99603271484375, -0.02679443359375, 0.16845703125, 0.394134521484375
-0.167449951171875, 0.31475830078125, -0.01806640625, -0.19989013671875, 0.139434814453125, -0.12030029296875
-0.13690185546875, -0.16534423828125, 0.194915771484375, -0.219024658203125, 0.110931396484375, -0.15478515625
-0.0255126953125, -0.39697265625, 0.6240234375, -0.23468017578125, 0.091949462890625, -0.13482666015625
-0.071441650390625, -0.0477294921875, 0.28582763671875, -0.141448974609375, 0.1865234375, -0.073883056640625
-0.0537109375, -0.069091796875, 0.046661376953125, -0.09869384765625, 0.19085693359375, -0.069671630859375
0.08428955078125, -0.074951171875, -0.27984619140625, -0.07867431640625, 0.153045654296875, -0.059906005859375
0.1602783203125, -0.052978515625, -0.226776123046875, -0.064056396484375, 0.06402587890625, -0.043212890625
0.171051025390625, -0.035003662109375, -0.177886962890625, -0.062469482421875, 0.04681396484375, -0.03985595703125
0.20245361328125, 0.09918212890625, -0.007781982421875, -0.077301025390625, 0.021270751953125, -0.036376953125
0.18896484375, 0.1968994140625, 0.042266845703125, -0.052154541015625, 0.0250244140625, -0.069488525390625
0.175201416015625, 0.139984130859375, 0.000457763671875, -0.04437255859375, 0.027862548828125, -0.080322265625
0.150421142578125, 0.050262451171875, -0.066070556640625, -0.0484619140625, 0.02850341796875, -0.093994140625
0.12188720703125, -0.04376220703125, -0.146270751953125, -0.091827392578125, 0.01190185546875, -0.09857177734375
0.1201171875, -0.036773681640625, -0.157958984375, -0.0999755859375, 0.00250244140625, -0.0977783203125
0.1044921875, -0.043731689453125, -0.20404052734375, -0.0858154296875, -0.020904541015625, -0.097076416015625
0.05010986328125, -0.142852783203125, -0.20745849609375, -0.053955078125, -0.096923828125, -0.095611572265625
-0.01055908203125, -0.231292724609375, -0.298583984375, -0.031585693359375, -0.11126708984375, -0.086090087890625
-0.253997802734375, -0.518951416015625, -0.69189453125, 0.0074462890625, -0.19097900390625, -0.05853271484375
-0.9803466796875, -0.9998779296875, -0.7724609375, 0.122039794921875, -0.36273193359375, 0.025787353515625
-0.9998779296875, -0.9998779296875, -0.594329833984375, 0.16180419921875, -0.426513671875, 0.059814453125
-0.9998779296875, -0.9998779296875, 0.275238037109375, 0.182708740234375, -0.52069091796875, 0.13763427734375
-0.9998779296875, -0.593170166015625, 0.9998779296875, 0.089996337890625, -0.380096435546875, 0.315216064453125
-0.869720458984375, 0.091033935546875, 0.9998779296875, 0.021240234375, -0.243255615234375, 0.3017578125
-0.129486083984375, 0.9998779296875, 0.9998779296875, -0.1275634765625, 0.03668212890625, 0.239349365234375
-0.274871826171875, 0.012725830078125, 0.256256103515625, -0.125946044921875, 0.1090087890625, -0.144561767578125
-0.24664306640625, -0.428680419921875, 0.309417724609375, -0.11346435546875, 0.090057373046875, -0.15435791015625
-0.067840576171875, -0.700897216796875, 0.321533203125, -0.079071044921875, 0.092529296875, -0.079803466796875
0.011505126953125, -0.21624755859375, 0.081634521484375, -0.075714111328125, 0.10443115234375, 0.01055908203125
0.017486572265625, -0.142425537109375, 0.015350341796875, -0.065155029296875, 0.099822998046875, 0.0164794921875
0.058837890625, -0.01904296875, -0.0908203125, -0.032745361328125, 0.06689453125, 0.013702392578125
0.09063720703125, -0.04559326171875, -0.0230712890625, -0.01824951171875, 0.02630615234375, 0.00048828125
0.097381591796875, -0.0631103515625, 0.008880615234375, -0.01483154296875, 0.016510009765625, -0.00115966796875
0.11138916015625, -0.080352783203125, 0.0643310546875, -0.017913818359375, 0.003143310546875, -0.00115966796875
0.113555908203125, -0.037689208984375, 0.149200439453125, -0.019134521484375, -0.00714111328125, 0.001312255859375
0.114410400390625, -0.029998779296875, 0.16326904296875, -0.02020263671875, -0.008575439453125, 0.000274658203125
0.1143798828125, -0.00909423828125, 0.193511962890625, -0.02044677734375, -0.0098876953125, -0.0030517578125
0.088714599609375, -0.043060302734375, 0.189453125, -0.007171630859375, -0.010894775390625, -0.01165771484375
0.087493896484375, -0.044769287109375, 0.197601318359375, -0.004302978515625, -0.012725830078125, -0.01507568359375
0.078033447265625, -0.09210205078125, 0.23028564453125, -0.004058837890625, -0.0130615234375, -0.0169677734375
0.0718994140625, -0.117584228515625, 0.25103759765625, -0.00799560546875, -0.008636474609375, -0.010009765625
0.06903076171875, -0.107757568359375, 0.2618408203125, -0.010589599609375, -0.0072021484375, -0.007843017578125
0.07244873046875, -0.10284423828125, 0.258514404296875, -0.00335693359375, -0.003173828125, -0.003875732421875
0.066009521484375, -0.06640625, 0.233154296875, -0.00335693359375, 0.001068115234375, -0.001129150390625
0.067718505859375, -0.064178466796875, 0.227508544921875, -0.00115966796875, 0.0009765625, -0.001617431640625

-0.058258056640625, -0.643157958984375, -0.87744140625, 0.05804443359375, -0.011138916015625, -0.054931640625
-0.35003662109375, -0.9998779296875, -0.9998779296875, 0.08648681640625, -0.17022705078125, 0.0050048828125
-0.9998779296875, -0.9998779296875, 0.9998779296875, 0.17816162109375, -0.38824462890625, 0.3350830078125
-0.9998779296875, -0.9998779296875, 0.9998779296875, 0.166259765625, -0.364654541015625, 0.408843994140625
-0.9998779296875, -0.227874755859375, 0.9998779296875, 0.1343994140625, -0.20416259765625, 0.497283935546875
-0.259246826171875, 0.9998779296875, 0.2381591796875, 0.0211181640625, 0.2171630859375, 0.2615966796875
-0.082061767578125, 0.9998779296875, -0.08416748046875, -0.059539794921875, 0.212799072265625, 0.1534423828125
-0.033721923828125, 0.56512451171875, -0.10614013671875, -0.162322998046875, 0.159332275390625, -0.025299072265625
-0.0140380859375, 0.09112548828125, 0.446441650390625, -0.22723388671875, 0.0946044921875, -0.12103271484375
-0.030181884765625, 0.1114501953125, 0.504180908203125, -0.21624755859375, 0.132659912109375, -0.1334228515625
-0.072479248046875, 0.047943115234375, 0.257049560546875, -0.16864013671875, 0.14251708984375, -0.14306640625
-0.0953369140625, -0.121826171875, 0.071624755859375, -0.12774658203125, 0.148193359375, -0.149688720703125
-0.0635986328125, -0.169677734375, 0.039398193359375, -0.12353515625, 0.144927978515625, -0.144866943359375
-0.01385498046875, -0.200653076171875, -0.012298583984375, -0.116241455078125, 0.13555908203125, -0.1275634765625
0.066864013671875, -0.211578369140625, -0.15716552734375, -0.0906982421875, 0.11273193359375, -0.095428466796875
0.083282470703125, -0.21435546875, -0.173553466796875, -0.09100341796875, 0.104248046875, -0.088714599609375
0.105804443359375, -0.196990966796875, -0.210479736328125, -0.08740234375, 0.086944580078125, -0.075775146484375
0.106048583984375, -0.111663818359375, -0.230072021484375, -0.071563720703125, 0.0439453125, -0.062225341796875
0.09942626953125, -0.104949951171875, -0.223907470703125, -0.034576416015625, 0.0223388671875, -0.061798095703125
0.092529296875, -0.135467529296875, -0.261566162109375, -0.025146484375, 0.005157470703125, -0.0626220703125
0.0474853515625, -0.1708984375, -0.772979736328125, -0.04315185546875, -0.058197021484375, -0.055816650390625
-0.03741455078125, -0.205078125, -0.9998779296875, -0.0267333984375, -0.098480224609375, -0.05242919921875
-0.50433349609375, -0.465850830078125, -0.9998779296875, 0.053497314453125, -0.25335693359375, -0.04766845703125
-0.9998779296875, -0.9998779296875, -0.81854248046875, 0.278350830078125, -0.676544189453125, -0.015594482421875
-0.9998779296875, -0.9998779296875, -0.366455078125, 0.302947998046875, -0.7396240234375, -0.00762939453125
-0.9998779296875, -0.9998779296875, 0.993927001953125, 0.340789794921875, -0.7852783203125, 0.03253173828125
-0.7344970703125, -0.270660400390625, 0.9998779296875, 0.043426513671875, -0.250396728515625, 0.3228759765625
-0.460723876953125, 0.996917724609375, 0.9998779296875, -0.0941162109375, -0.0233154296875, 0.325347900390625
-0.407684326171875, 0.9998779296875, 0.11871337890625, -0.31634521484375, 0.2601318359375, 0.0838623046875
-0.277374267578125, -0.9207763671875, -0.18267822265625, -0.1575927734375, 0.132049560546875, -0.162750244140625
-0.039520263671875, -0.923553466796875, -0.229217529296875, 0.007476806640625, 0.0618896484375, -0.10662841796875
0.018402099609375, -0.67181396484375, -0.092803955078125, 0.051727294921875, 0.009674072265625, -0.017578125
0.00067138671875, -0.28326416015625, 0.050872802734375, 0.018341064453125, -0.023193359375, 0.06256103515625
-0.00091552734375, -0.1693115234375, 0.095794677734375, 0.01141357421875, -0.0263671875, 0.0706787109375
0.00677490234375, -0.046600341796875, 0.129791259765625, 0.031982421875, -0.028472900390625, 0.07110595703125
0.068267822265625, -0.00048828125, 0.188934326171875, -0.011505126953125, -0.014923095703125, 0.035430908203125
0.074432373046875, -0.0098876953125, 0.19537353515625, -0.01904296875, -0.009765625, 0.02667236328125
0.081085205078125, -0.020782470703125, 0.211822509765625, -0.048065185546875, -0.000030517578125, 0.0103759765625
0.077667236328125, -0.073760986328125, 0.193145751953125, -0.0479736328125, 0.01239013671875, -0.011871337890625
0.073883056640625, -0.087066650390625, 0.180999755859375, -0.04156494140625, 0.012451171875, -0.01806640625
0.055908203125, -0.143035888671875, 0.13446044921875, -0.013519287109375, 0.00848388671875, -0.021484375
0.040496826171875, -0.189361572265625, 0.137451171875, 0.001983642578125, -0.003570556640625, -0.01885986328125
0.03753662109375, -0.201934814453125, 0.1494140625, -0.0028076171875, -0.00567626953125, -0.016021728515625
0.037750244140625, -0.20391845703125, 0.1776123046875, -0.00860595703125, -0.0052490234375, -0.012176513671875
0.03948974609375, -0.184326171875, 0.184051513671875, -0.009033203125, -0.002685546875, -0.00799560546875
0.03985595703125, -0.18157958984375, 0.1795654296875, -0.0068359375, -0.001953125, -0.007415771484375
0.035552978515625, -0.173736572265625, 0.172607421875, -0.005828857421875, -0.00177001953125, -0.006561279296875
0.033660888671875, -0.168853759765625, 0.180755615234375, 0.00018310546875, -0.00238037109375, -0.00738525390625
0.02862548828125, -0.1727294921875, 0.18487548828125, -0.000335693359375, -0.001678466796875, -0.0081787109375
0.0240478515625, -0.183624267578125, 0.186798095703125, -0.0029296875, 0.000457763671875, -0.00927734375

-0.170562744140625, -0.9998779296875, 0.34912109375, 0.012115478515625, -0.114898681640625, 0.048309326171875
-0.69952392578125, -0.9998779296875, 0.459930419921875, 0.093048095703125, -0.1337890625, 0.197052001953125
-0.958770751953125, -0.056610107421875, 0.9998779296875, 0.009368896484375, -0.046844482421875, 0.39117431640625
-0.76043701171875, 0.644134521484375, 0.9998779296875, -0.049407958984375, 0.02105712890625, 0.3577880859375
-0.26806640625, 0.9998779296875, 0.80755615234375, -0.095367431640625, 0.264068603515625, 0.179351806640625
-0.470916748046875, 0.149261474609375, -0.136322021484375, -0.054779052734375, 0.308013916015625, -0.0762939453125
-0.180938720703125, -0.073455810546875, -0.6810302734375, -0.011444091796875, 0.294952392578125, -0.0797119140625
0.048797607421875, 0.196563720703125, -0.718505859375, -0.020355224609375, 0.174163818359375, -0.048828125
0.08319091796875, 0.191558837890625, 0.089813232421875, -0.182037353515625, 0.071563720703125, -0.1143798828125
0.04486083984375, 0.104156494140625, 0.117340087890625, -0.213470458984375, 0.07745361328125, -0.1240234375
0.026275634765625, -0.038909912109375, 0.10791015625, -0.231781005859375, 0.085418701171875, -0.128509521484375
0.072845458984375, -0.058380126953125, -0.020660400390625, -0.184356689453125, 0.087615966796875, -0.11004638671875
0.076873779296875, -0.05364990234375, -0.110687255859375, -0.15838623046875, 0.08343505859375, -0.108978271484375
0.082244873046875, -0.071685791015625, -0.222259521484375, -0.120758056640625, 0.061981201171875, -0.10845947265625
0.116363525390625, -0.15380859375, -0.170501708984375, -0.0843505859375, 0.00390625, -0.0985107421875
0.12005615234375, -0.162322998046875, -0.163970947265625, -0.071502685546875, -0.006378173828125, -0.092620849609375
0.128631591796875, -0.18341064453125, -0.20599365234375, -0.036224365234375, -0.025726318359375, -0.080047607421875
0.1082763671875, -0.165679931640625, -0.24786376953125, 0.012969970703125, -0.07891845703125, -0.058868408203125
0.102996826171875, -0.15863037109375, -0.274261474609375, 0.024261474609375, -0.09405517578125, -0.056060791015625
0.008575439453125, -0.135772705078125, -0.295379638671875, 0.028472900390625, -0.130645751953125, -0.0562744140625
-0.318267822265625, -0.18682861328125, -0.25384521484375, 0.07696533203125, -0.237823486328125, -0.0675048828125
-0.417633056640625, -0.194061279296875, -0.27288818359375, 0.09796142578125, -0.258453369140625, -0.07208251953125
-0.752166748046875, -0.31988525390625, -0.394012451171875, 0.11627197265625, -0.3126220703125, -0.086700439453125
-0.9998779296875, -0.9998779296875, -0.615997314453125, 0.21234130859375, -0.476043701171875, -0.043182373046875
-0.9998779296875, -0.9998779296875, -0.363372802734375, 0.188232421875, -0.5194091796875, 0.020172119140625
-0.9998779296875, -0.9998779296875, 0.9998779296875, 0.11126708984375, -0.542694091796875, 0.23486328125
-0.642547607421875, 0.9998779296875, 0.9998779296875, -0.1856689453125, -0.05712890625, 0.4287109375
-0.17620849609375, 0.9998779296875, 0.898040771484375, -0.2933349609375, 0.095489501953125, 0.283966064453125
-0.131011962890625, 0.472076416015625, 0.016326904296875, -0.310577392578125, 0.167510986328125, -0.029144287109375
0.0546875, -0.601898193359375, 0.222259521484375, -0.00946044921875, 0.025390625, -0.0185546875
0.062469482421875, -0.448394775390625, 0.37689208984375, 0.026275634765625, 0.017486572265625, 0.01763916015625
0.065704345703125, -0.1962890625, 0.355987548828125, 0.032928466796875, 0.03839111328125, 0.060638427734375
0.087310791015625, 0.14935302734375, 0.092620849609375, 0.01263427734375, 0.073822021484375, 0.062744140625
0.09808349609375, 0.18035888671875, 0.037078857421875, 0.00830078125, 0.07086181640625, 0.038818359375
0.144073486328125, 0.070281982421875, -0.040557861328125, -0.044403076171875, 0.061187744140625, 0.013275146484375
0.159759521484375, -0.022979736328125, -0.00836181640625, -0.04083251953125, 0.0286865234375, -0.0079345703125
0.16265869140625, -0.0390625, 0.01837158203125, -0.042388916015625, 0.021514892578125, -0.009765625
0.172210693359375, -0.061767578125, 0.08209228515625, -0.054656982421875, 0.013671875, -0.0118408203125
0.178436279296875, -0.07965087890625, 0.12225341796875, -0.065887451171875, 0.016876220703125, -0.008270263671875
0.1806640625, -0.066802978515625, 0.1148681640625, -0.060394287109375, 0.017913818359375, -0.0069580078125
0.18115234375, -0.042449951171875, 0.0906982421875, -0.046539306640625, 0.016815185546875, -0.007232666015625
0.179779052734375, -0.0830078125, 0.043731689453125, -0.013702392578125, 0.002716064453125, -0.01617431640625
0.18511962890625, -0.11083984375, 0.0576171875, -0.008636474609375, -0.005584716796875, -0.0157470703125
0.177001953125, -0.117340087890625, 0.091949462890625, -0.010955810546875, -0.011688232421875, -0.01373291015625
0.167510986328125, -0.076507568359375, 0.133148193359375, -0.022369384765625, -0.013397216796875, -0.0108642578125
0.149810791015625, -0.09674072265625, 0.163421630859375, -0.0123291015625, -0.0111083984375, -0.019744873046875
0.148162841796875, -0.103729248046875, 0.16107177734375, -0.010986328125, -0.0106201171875, -0.020660400390625
0.138214111328125, -0.124359130859375, 0.16033935546875, -0.01007080078125, -0.0096435546875, -0.02178955078125
0.132843017578125, -0.1400146484375, 0.164703369140625, -0.016021728515625, -0.00823974609375, -0.017303466796875
0.133209228515625, -0.139129638671875, 0.164794921875, -0.01641845703125, -0.008087158203125, -0.015625

-0.132568359375, -0.196319580078125, 0.897491455078125, -0.127899169921875, 0.03326416015625, 0.17022705078125
-0.01104736328125, 0.94683837890625, 0.9998779296875, -0.186309814453125, 0.1534423828125, 0.120513916015625
-0.6065673828125, 0.9998779296875, 0.998626708984375, -0.1441650390625, 0.30096435546875, -0.096893310546875
-0.96685791015625, 0.463775634765625, 0.6937255859375, -0.1138916015625, 0.343963623046875, -0.170745849609375
-0.73736572265625, -0.427093505859375, -0.313720703125, -0.034698486328125, 0.386932373046875, -0.190093994140625
0.010589599609375, -0.50347900390625, -0.940673828125, -0.11566162109375, 0.220306396484375, -0.044189453125
0.102081298828125, -0.33441162109375, -0.738525390625, -0.16693115234375, 0.16552734375, -0.016876220703125
0.1553955078125, 0.038665771484375, -0.360809326171875, -0.1844482421875, 0.093353271484375, 0.009735107421875
0.139007568359375, 0.255218505859375, -0.3692626953125, -0.081085205078125, 0.047210693359375, -0.05938720703125
0.12518310546875, 0.15765380859375, -0.3836669921875, -0.06036376953125, 0.029510498046875, -0.0787353515625
0.1224365234375, -0.010833740234375, -0.31256103515625, -0.045867919921875, -0.00677490234375, -0.099517822265625
0.12347412109375, -0.111572265625, -0.124176025390625, -0.034881591796875, -0.047943115234375, -0.0885009765625
0.129852294921875, -0.155670166015625, -0.08843994140625, -0.023345947265625, -0.0562744140625, -0.080169677734375
0.131805419921875, -0.193939208984375, -0.050537109375, -0.032623291015625, -0.055633544921875, -0.069122314453125
0.126068115234375, -0.127593994140625, -0.087554931640625, -0.057708740234375, -0.05322265625, -0.051544189453125
0.12548828125, -0.10430908203125, -0.105865478515625, -0.05975341796875, -0.056396484375, -0.048980712890625
0.108367919921875, -0.07525634765625, -0.1419677734375, -0.04815673828125, -0.069610595703125, -0.048095703125
0.0389404296875, -0.098663330078125, -0.20733642578125, -0.029266357421875, -0.113006591796875, -0.055328369140625
0.01470947265625, -0.102264404296875, -0.224884033203125, -0.02783203125, -0.126922607421875, -0.05645751953125
-0.101776123046875, -0.096405029296875, -0.3570556640625, -0.0174560546875, -0.159027099609375, -0.057586669921875
-0.794921875, -0.26055908203125, -0.902374267578125, 0.003631591796875, -0.3084716796875, -0.04888916015625
-0.9998779296875, -0.349517822265625, -0.9998779296875, 0.0269775390625, -0.383575439453125, -0.041046142578125
-0.9998779296875, -0.743743896484375, -0.728485107421875, 0.173980712890625, -0.559906005859375, -0.0452880859375
-0.9998779296875, -0.9998779296875, 0.9998779296875, 0.033111572265625, -0.517242431640625, 0.199920654296875
-0.9998779296875, -0.9998779296875, 0.9998779296875, -0.00811767578125, -0.372802734375, 0.312469482421875
-0.742401123046875, 0.9998779296875, 0.9998779296875, -0.127471923828125, -0.039947509765625, 0.373809814453125
-0.28289794921875, 0.21063232421875, 0.169586181640625, -0.241729736328125, 0.153839111328125, -0.10015869140625
-0.233489990234375, -0.3355712890625, 0.2200927734375, -0.20184326171875, 0.130645751953125, -0.14080810546875
-0.072296142578125, -0.90130615234375, 0.140869140625, -0.052490234375, 0.10089111328125, -0.1026611328125
-0.027191162109375, -0.42083740234375, 0.0740966796875, 0.01568603515625, 0.0687255859375, 0.08233642578125
-0.028167724609375, -0.24652099609375, 0.028564453125, 0.011962890625, 0.0650634765625, 0.10174560546875
0.00433349609375, 0.030975341796875, 0.013153076171875, -0.00970458984375, 0.0517578125, 0.10931396484375
0.09405517578125, 0.185150146484375, 0.016693115234375, 0.007049560546875, 0.030853271484375, 0.050994873046875
0.107421875, 0.1500244140625, 0.03515625, -0.013336181640625, 0.024200439453125, 0.017974853515625
0.11895751953125, 0.00537109375, 0.0745849609375, -0.04229736328125, 0.02020263671875, -0.001312255859375
0.12432861328125, -0.105621337890625, 0.155517578125, -0.061981201171875, 0.016082763671875, -0.01129150390625
0.12506103515625, -0.107818603515625, 0.162353515625, -0.0596923828125, 0.01641845703125, -0.009735107421875
0.127349853515625, -0.080841064453125, 0.156524658203125, -0.048065185546875, 0.016571044921875, -0.00604248046875
0.121978759765625, -0.070953369140625, 0.0963134765625, -0.01348876953125, 0.008544921875, -0.0093994140625
0.11834716796875, -0.078643798828125, 0.088043212890625, -0.008209228515625, 0.003936767578125, -0.010711669921875
0.11370849609375, -0.101287841796875, 0.091644287109375, 0.0018310546875, -0.00653076171875, -0.01226806640625
0.098785400390625, -0.119384765625, 0.1475830078125, -0.000274658203125, -0.02081298828125, -0.011871337890625
0.102813720703125, -0.129486083984375, 0.160430908203125, -0.00213623046875, -0.022247314453125, -0.0113525390625
0.101806640625, -0.128448486328125, 0.192840576171875, -0.0078125, -0.022857666015625, -0.010345458984375
0.087554931640625, -0.08905029296875, 0.211639404296875, -0.00946044921875, -0.01708984375, -0.01202392578125
0.083770751953125, -0.0968017578125, 0.2177734375, -0.006072998046875, -0.01611328125, -0.01422119140625
0.062103271484375, -0.17108154296875, 0.243743896484375, -0.00604248046875, -0.004638671875, -0.017425537109375
0.05908203125, -0.177978515625, 0.234527587890625, -0.006103515625, -0.0018310546875, -0.015716552734375
0.054901123046875, -0.18060302734375, 0.212188720703125, -0.0072021484375, 0.001373291015625, -0.011016845703125
0.0594482421875, -0.16595458984375, 0.204193115234375, -0.007415771484375, 0.001190185546875, -0.001678466796875

-0.584014892578125, -0.9998779296875, -0.8404541015625, 0.12493896484375, -0.252960205078125, 0.0711669921875
-0.9998779296875, -0.9998779296875, -0.262725830078125, 0.152008056640625, -0.332122802734375, 0.16259765625
-0.9998779296875, -0.9998779296875, 0.9998779296875, 0.19195556640625, -0.407135009765625, 0.336883544921875
-0.674835205078125, 0.9998779296875, 0.9998779296875, 0.103607177734375, -0.0482177734375, 0.40545654296875
-0.277008056640625, 0.9998779296875, 0.9998779296875, 0.055145263671875, 0.066619873046875, 0.333465576171875
-0.02423095703125, 0.9998779296875, 0.115386962890625, -0.0792236328125, 0.181060791015625, 0.11053466796875
0.011993408203125, -0.164764404296875, -0.276580810546875, -0.192413330078125, 0.103424072265625, -0.08355712890625
0.028411865234375, -0.280242919921875, -0.0618896484375, -0.16998291015625, 0.025848388671875, -0.06817626953125
0.064697265625, -0.173553466796875, 0.685455322265625, -0.09893798828125, 0.02105712890625, -0.0341796875
0.017730712890625, -0.066009521484375, 0.29095458984375, -0.00103759765625, 0.122344970703125, -0.001556396484375
0.028839111328125, -0.021392822265625, 0.1488037109375, 0.0018310546875, 0.12982177734375, 0.00311279296875
0.065460205078125, 0.03277587890625, -0.025665283203125, -0.002532958984375, 0.12176513671875, 0.00433349609375
0.120880126953125, 0.095245361328125, 0.105712890625, -0.07037353515625, 0.08074951171875, -0.017974853515625
0.13287353515625, 0.1224365234375, 0.172882080078125, -0.083984375, 0.078277587890625, -0.02435302734375
0.131988525390625, 0.131988525390625, 0.196197509765625, -0.103515625, 0.0894775390625, -0.041107177734375
0.120330810546875, 0.071136474609375, 0.0816650390625, -0.143463134765625, 0.111663818359375, -0.079254150390625
0.115875244140625, 0.05462646484375, 0.0537109375, -0.151123046875, 0.112701416015625, -0.086639404296875
0.110992431640625, 0.072540283203125, 0.01678466796875, -0.16741943359375, 0.110626220703125, -0.0992431640625
0.0567626953125, 0.130126953125, -0.0968017578125, -0.150054931640625, 0.073760986328125, -0.140594482421875
-0.00091552734375, 0.0843505859375, -0.147125244140625, -0.102325439453125, 0.047637939453125, -0.153167724609375
-0.05316162109375, -0.07373046875, -0.26214599609375, -0.051177978515625, 0.012359619140625, -0.165679931640625
-0.0491943359375, -0.35174560546875, -0.43280029296875, 0.00372314453125, -0.0406494140625, -0.16766357421875
-0.0736083984375, -0.4281005859375, -0.5758056640625, 0.009490966796875, -0.0589599609375, -0.162811279296875
-0.2301025390625, -0.700042724609375, -0.9998779296875, 0.04473876953125, -0.12579345703125, -0.13348388671875
-0.9998779296875, -0.9998779296875, -0.9998779296875, 0.0650634765625, -0.52117919921875, 0.028076171875
-0.9998779296875, -0.9998779296875, -0.787109375, 0.130523681640625, -0.606353759765625, 0.061492919921875
-0.9998779296875, -0.9998779296875, -0.040802001953125, 0.245513916015625, -0.701751708984375, 0.0732421875
-0.9998779296875, -0.9998779296875, 0.9998779296875, 0.18310546875, -0.540802001953125, 0.2564697265625
-0.972381591796875, -0.63067626953125, 0.9998779296875, 0.1614990234375, -0.157623291015625, 0.31256103515625
-0.39227294921875, 0.9998779296875, 0.885986328125, -0.276885986328125, 0.195770263671875, 0.17095947265625
-0.208831787109375, -0.559844970703125, -0.081939697265625, -0.3277587890625, 0.162628173828125, -0.178192138671875
-0.126129150390625, -0.6876220703125, -0.176513671875, -0.1883544921875, 0.11944580078125, -0.1575927734375
0.01519775390625, -0.58673095703125, -0.17449951171875, 0.01580810546875, 0.041046142578125, -0.080596923828125
0.04217529296875, -0.39703369140625, 0.102264404296875, 0.044097900390625, -0.030029296875, 0.007568359375
0.038726806640625, -0.318328857421875, 0.151947021484375, 0.033416748046875, -0.02972412109375, 0.0225830078125
0.01385498046875, -0.15887451171875, 0.163818359375, 0.021270751953125, -0.021759033203125, 0.037872314453125
0.0416259765625, -0.063323974609375, 0.18646240234375, 0.00421142578125, -0.004180908203125, 0.0242919921875
0.047454833984375, -0.079620361328125, 0.187286376953125, -0.00537109375, 0.005279541015625, 0.013885498046875
0.064422607421875, -0.097076416015625, 0.200286865234375, -0.03076171875, 0.013885498046875, 0.008148193359375
0.06719970703125, -0.104522705078125, 0.15289306640625, -0.039337158203125, 0.0233154296875, -0.00433349609375
0.067138671875, -0.117218017578125, 0.134429931640625, -0.03839111328125, 0.0220947265625, -0.0068359375
0.06512451171875, -0.122894287109375, 0.105865478515625, -0.028594970703125, 0.015625, -0.008636474609375
0.049224853515625, -0.119476318359375, 0.1038818359375, -0.006500244140625, -0.004730224609375, -0.01336669921875
0.045379638671875, -0.127685546875, 0.115081787109375, -0.003173828125, -0.009368896484375, -0.01544189453125
0.041412353515625, -0.154815673828125, 0.15576171875, -0.00262451171875, -0.015777587890625, -0.01898193359375
0.03961181640625, -0.1937255859375, 0.22900390625, -0.015380859375, -0.013519287109375, -0.017242431640625
0.0389404296875, -0.19207763671875, 0.246368408203125, -0.018218994140625, -0.010955810546875, -0.01531982421875
0.04248046875, -0.17724609375, 0.2667236328125, -0.017578125, -0.0040283203125, -0.011322021484375
0.03094482421875, -0.1767578125, 0.198150634765625, -0.00726318359375, 0.010711669921875, -0.005859375
0.028106689453125, -0.163818359375, 0.193939208984375, -0.01025390625, 0.01141357421875, -0.004638671875

-0.106842041015625, -0.961273193359375, -0.893463134765625, 0.08233642578125, -0.04718017578125, -0.003692626953125
-0.889007568359375, -0.9998779296875, -0.11053466796875, 0.059661865234375, -0.237213134765625, 0.14862060546875
-0.9998779296875, 0.162353515625, 0.9998779296875, 0.04296875, -0.150115966796875, 0.486724853515625
-0.9998779296875, 0.9998779296875, 0.9998779296875, 0.018798828125, -0.04736328125, 0.478973388671875
-0.328765869140625, 0.9998779296875, 0.9998779296875, -0.0396728515625, 0.164764404296875, 0.3128662109375
-0.249237060546875, 0.144744873046875, -0.078887939453125, -0.089263916015625, 0.2337646484375, -0.06805419921875
-0.1326904296875, -0.22125244140625, -0.202606201171875, -0.10601806640625, 0.2113037109375, -0.08740234375
0.02838134765625, -0.299407958984375, -0.309417724609375, -0.010406494140625, 0.14141845703125, -0.044525146484375
0.139007568359375, 0.06793212890625, 0.196044921875, 0.061248779296875, 0.049896240234375, 0.011566162109375
0.149871826171875, 0.117950439453125, 0.26617431640625, 0.02740478515625, 0.067626953125, 0.00665283203125
0.119964599609375, 0.2451171875, 0.11627197265625, -0.007537841796875, 0.098876953125, -0.0125732421875
0.125579833984375, 0.034912109375, -0.134124755859375, -0.07037353515625, 0.087554931640625, -0.054931640625
0.119659423828125, -0.08428955078125, -0.101715087890625, -0.101226806640625, 0.06768798828125, -0.052764892578125
0.167877197265625, -0.098480224609375, 0.043792724609375, -0.121612548828125, 0.054412841796875, -0.039947509765625
0.18798828125, 0.0948486328125, 0.09698486328125, -0.12847900390625, 0.06329345703125, -0.033203125
0.186309814453125, 0.12652587890625, 0.05731201171875, -0.126312255859375, 0.06927490234375, -0.040740966796875
0.1673583984375, 0.1109619140625, -0.03509521484375, -0.125, 0.073638916015625, -0.061553955078125
0.131378173828125, -0.03460693359375, -0.117340087890625, -0.096435546875, 0.048919677734375, -0.084930419921875
0.129547119140625, -0.0567626953125, -0.260162353515625, -0.0643310546875, -0.029296875, -0.08966064453125
0.105926513671875, -0.08856201171875, -0.322540283203125, -0.06280517578125, -0.04669189453125, -0.09063720703125
0.073150634765625, -0.13043212890625, -0.4739990234375, -0.050506591796875, -0.084442138671875, -0.089935302734375
-0.569061279296875, -0.361572265625, -0.9998779296875, 0.070648193359375, -0.26129150390625, -0.077667236328125
-0.952728271484375, -0.523651123046875, -0.9998779296875, 0.126861572265625, -0.352691650390625, -0.07476806640625
-0.9998779296875, -0.993896484375, -0.80657958984375, 0.201873779296875, -0.5435791015625, -0.06951904296875
-0.9998779296875, -0.9998779296875, 0.997467041015625, 0.2423095703125, -0.644012451171875, 0.00421142578125
-0.9998779296875, -0.9998779296875, 0.9998779296875, 0.179962158203125, -0.59478759765625, 0.05560302734375
-0.99407958984375, -0.9998779296875, 0.9998779296875, 0.06451416015625, -0.326263427734375, 0.241973876953125
-0.331817626953125, 0.9998779296875, 0.32977294921875, -0.22564697265625, 0.1988525390625, 0.146148681640625
-0.28033447265625, 0.6610107421875, -0.002471923828125, -0.265472412109375, 0.21844482421875, 0.04058837890625
-0.142333984375, -0.176788330078125, -0.118072509765625, -0.2261962890625, 0.170684814453125, -0.08184814453125
0.02703857421875, -0.38629150390625, -0.19384765625, 0.03997802734375, 0.0118408203125, -0.024017333984375
0.038238525390625, -0.352142333984375, -0.025726318359375, 0.052490234375, -0.005096435546875, -0.011016845703125
0.0379638671875, -0.302337646484375, 0.080718994140625, 0.036102294921875, -0.017608642578125, 0.00933837890625
0.0374755859375, -0.1424560546875, 0.146026611328125, 0.00445556640625, -0.007904052734375, 0.02313232421875
0.04022216796875, -0.116943359375, 0.152557373046875, -0.00885009765625, -0.003631591796875, 0.02001953125
0.045989990234375, -0.128753662109375, 0.15283203125, -0.01824951171875, 0.0028076171875, 0.013427734375
0.067108154296875, -0.11236572265625, 0.154693603515625, -0.04339599609375, 0.0120849609375, 0.007415771484375
0.064910888671875, -0.09637451171875, 0.164337158203125, -0.057159423828125, 0.013397216796875, 0.004974365234375
0.069610595703125, -0.0740966796875, 0.174163818359375, -0.061859130859375, 0.015838623046875, -0.001068115234375
0.053741455078125, -0.085662841796875, 0.14605712890625, -0.0263671875, 0.012115478515625, -0.017730712890625
0.048553466796875, -0.114898681640625, 0.14215087890625, -0.020599365234375, 0.009490966796875, -0.0242919921875
0.03851318359375, -0.180633544921875, 0.152496337890625, -0.01556396484375, 0.00396728515625, -0.024688720703125
0.044525146484375, -0.21612548828125, 0.17547607421875, -0.021331787109375, 0.00250244140625, -0.016754150390625
0.050201416015625, -0.224761962890625, 0.184051513671875, -0.024261474609375, 0.00384521484375, -0.009063720703125
0.055267333984375, -0.1942138671875, 0.181060791015625, -0.021087646484375, 0.002655029296875, -0.001861572265625
0.05487060546875, -0.150634765625, 0.18011474609375, -0.007080078125, -0.0001220703125, 0.004058837890625
0.055328369140625, -0.147491455078125, 0.177093505859375, -0.00225830078125, -0.0009765625, 0.004638671875
0.050811767578125, -0.138336181640625, 0.1832275390625, 0.0025634765625, -0.00244140625, 0.004241943359375
0.0377197265625, -0.122528076171875, 0.1937255859375, -0.00048828125, -0.002227783203125, -0.007659912109375
0.03131103515625, -0.142333984375, 0.20037841796875, -0.003936767578125, -0.000335693359375, -0.004638671875

-0.262969970703125, -0.723602294921875, 0.3507080078125, -0.097137451171875, -0.009033203125, 0.12548828125
-0.330596923828125, 0.254486083984375, 0.9998779296875, -0.074859619140625, 0.015594482421875, 0.227020263671875
-0.13580322265625, 0.9998779296875, 0.9998779296875, 0.01275634765625, 0.123016357421875, 0.13916015625
-0.364959716796875, 0.9998779296875, 0.9998779296875, 0.100128173828125, 0.25543212890625, 0.05767822265625
-0.50201416015625, -0.002288818359375, -0.575225830078125, 0.009796142578125, 0.37554931640625, -0.082305908203125
-0.338409423828125, 0.09613037109375, -0.935455322265625, 0.018798828125, 0.33319091796875, -0.06585693359375
0.032867431640625, 0.3861083984375, -0.985015869140625, -0.002655029296875, 0.193145751953125, -0.071136474609375
0.055999755859375, 0.031585693359375, -0.1287841796875, -0.00567626953125, 0.02203369140625, -0.135528564453125
0.067535400390625, -0.058441162109375, -0.046600341796875, -0.01312255859375, 0.019439697265625, -0.134918212890625
0.0838623046875, -0.13372802734375, -0.077728271484375, -0.019317626953125, 0.027374267578125, -0.117767333984375
0.109344482421875, -0.150054931640625, 0.02215576171875, -0.08306884765625, 0.026031494140625, -0.087127685546875
0.11865234375, -0.105560302734375, 0.0465087890625, -0.098419189453125, 0.027557373046875, -0.08013916015625
0.123291015625, -0.028045654296875, 0.03997802734375, -0.100860595703125, 0.031951904296875, -0.076446533203125
0.11273193359375, -0.167388916015625, -0.030242919921875, -0.069793701171875, 0.0201416015625, -0.086761474609375
0.11749267578125, -0.18499755859375, -0.029083251953125, -0.065460205078125, 0.015838623046875, -0.083831787109375
0.11907958984375, -0.18402099609375, -0.046661376953125, -0.053070068359375, 0.00750732421875, -0.0748291015625
0.103424072265625, -0.14019775390625, -0.135772705078125, -0.0245361328125, -0.016326904296875, -0.06585693359375
0.09185791015625, -0.134552001953125, -0.171539306640625, -0.02001953125, -0.025177001953125, -0.067169189453125
0.05780029296875, -0.15093994140625, -0.2764892578125, -0.01129150390625, -0.048187255859375, -0.071441650390625
-0.2349853515625, -0.242095947265625, -0.707977294921875, 0.00201416015625, -0.15130615234375, -0.068115234375
-0.406341552734375, -0.289581298828125, -0.8909912109375, 0.01007080078125, -0.204345703125, -0.0609130859375
-0.97479248046875, -0.430877685546875, -0.9998779296875, 0.056549072265625, -0.35064697265625, -0.05157470703125
-0.9998779296875, -0.9998779296875, -0.266510009765625, 0.168914794921875, -0.587921142578125, -0.047637939453125
-0.9998779296875, -0.9998779296875, 0.38812255859375, 0.14453125, -0.611328125, 0.089263916015625
-0.9998779296875, -0.9998779296875, 0.9998779296875, 0.069793701171875, -0.5347900390625, 0.196319580078125
-0.350921630859375, 0.9998779296875, 0.9998779296875, -0.16107177734375, 0.193389892578125, 0.115966796875
-0.37548828125, 0.5728759765625, 0.296539306640625, -0.27386474609375, 0.23333740234375, -0.01763916015625
-0.230804443359375, -0.5892333984375, -0.08465576171875, -0.236236572265625, 0.209747314453125, -0.124114990234375
0.03656005859375, -0.57867431640625, -0.210693359375, -0.011383056640625, 0.06329345703125, 0.011138916015625
0.041717529296875, -0.45245361328125, -0.14544677734375, 0.0030517578125, 0.038055419921875, 0.03857421875
0.035614013671875, -0.23291015625, -0.061187744140625, 0.020263671875, 0.006103515625, 0.069183349609375
0.057891845703125, 0.0894775390625, 0.15704345703125, 0.005615234375, -0.01702880859375, 0.055511474609375
0.071258544921875, 0.074981689453125, 0.16729736328125, -0.01544189453125, -0.0126953125, 0.041168212890625
0.080078125, 0.038787841796875, 0.20037841796875, -0.034393310546875, -0.002471923828125, 0.01690673828125
0.09466552734375, -0.076507568359375, 0.176116943359375, -0.05352783203125, 0.0174560546875, -0.008636474609375
0.097381591796875, -0.09185791015625, 0.173187255859375, -0.056182861328125, 0.021820068359375, -0.01275634765625
0.099365234375, -0.10687255859375, 0.16607666015625, -0.05999755859375, 0.023223876953125, -0.014678955078125
0.092041015625, -0.11553955078125, 0.11566162109375, -0.027099609375, 0.0166015625, -0.016082763671875
0.08544921875, -0.12127685546875, 0.104949951171875, -0.018798828125, 0.012359619140625, -0.016754150390625
0.07928466796875, -0.14825439453125, 0.098052978515625, -0.00653076171875, 0.002960205078125, -0.01824951171875
0.072723388671875, -0.20001220703125, 0.13739013671875, -0.00244140625, -0.012237548828125, -0.01416015625
0.071868896484375, -0.209808349609375, 0.156890869140625, -0.00579833984375, -0.01434326171875, -0.01190185546875
0.0765380859375, -0.224273681640625, 0.19915771484375, -0.014617919921875, -0.014984130859375, -0.00628662109375
0.079193115234375, -0.1708984375, 0.22705078125, -0.02227783203125, -0.005645751953125, 0.01043701171875
0.05999755859375, -0.1259765625, 0.215301513671875, -0.0179443359375, -0.000518798828125, 0.0108642578125
0.070465087890625, -0.124755859375, 0.19403076171875, -0.0108642578125, 0.00286865234375, 0.00775146484375
0.066375732421875, -0.114013671875, 0.164642333984375, -0.007476806640625, 0.001983642578125, 0.004425048828125
0.06719970703125, -0.09698486328125, 0.17144775390625, -0.010467529296875, 0.000762939453125, -0.001251220703125
0.0595703125, -0.135650634765625, 0.194244384765625, -0.01702880859375, 0.000213623046875, -0.006256103515625
0.042266845703125, -0.13995361328125, 0.217681884765625, -0.02490234375, 0.002166748046875, -0.004241943359375

-0.973175048828125, -0.9998779296875, -0.9998779296875, 0.164947509765625, -0.323028564453125, 0.021697998046875
-0.9998779296875, -0.9998779296875, -0.37298583984375, 0.197601318359375, -0.417724609375, 0.097503662109375
-0.9998779296875, -0.9998779296875, 0.9998779296875, 0.17291259765625, -0.469573974609375, 0.355499267578125
-0.730712890625, 0.9998779296875, 0.9998779296875, -0.055938720703125, 0.02838134765625, 0.4993896484375
-0.115814208984375, 0.9998779296875, 0.999725341796875, -0.107757568359375, 0.162567138671875, 0.332489013671875
-0.28607177734375, 0.982421875, -0.006805419921875, -0.229339599609375, 0.23675537109375, -0.044586181640625
-0.0386962890625, -0.803924560546875, 0.578399658203125, -0.253509521484375, 0.134307861328125, -0.09326171875
-0.05419921875, -0.527099609375, 0.654266357421875, -0.198028564453125, 0.144683837890625, -0.040435791015625
-0.08660888671875, -0.13372802734375, 0.331146240234375, -0.12884521484375, 0.194427490234375, 0.014739990234375
0.106536865234375, 0.27777099609375, -0.452362060546875, -0.08843994140625, 0.170684814453125, -0.000946044921875
0.12188720703125, 0.27911376953125, -0.467010498046875, -0.088592529296875, 0.14398193359375, -0.01727294921875
0.135406494140625, 0.150909423828125, -0.31011962890625, -0.103759765625, 0.08984375, -0.052001953125
0.1622314453125, 0.04095458984375, 0.00537109375, -0.098297119140625, 0.040985107421875, -0.068328857421875
0.166259765625, 0.04534912109375, 0.025848388671875, -0.094085693359375, 0.0404052734375, -0.0684814453125
0.162628173828125, -0.0015869140625, -0.02691650390625, -0.076324462890625, 0.04254150390625, -0.071197509765625
0.180633544921875, 0.06103515625, -0.089935302734375, -0.082275390625, 0.03240966796875, -0.06658935546875
0.15509033203125, 0.101898193359375, -0.10821533203125, -0.099273681640625, 0.023193359375, -0.08636474609375
0.1256103515625, -0.16351318359375, -0.366455078125, -0.0120849609375, -0.027862548828125, -0.1021728515625
0.103851318359375, -0.194580078125, -0.427215576171875, 0.005218505859375, -0.0467529296875, -0.09967041015625
0.064697265625, -0.24365234375, -0.468353271484375, 0.00537109375, -0.09332275390625, -0.0933837890625
-0.19171142578125, -0.25677490234375, -0.6131591796875, -0.0001220703125, -0.2052001953125, -0.055419921875
-0.3551025390625, -0.2733154296875, -0.717559814453125, 0.02056884765625, -0.2462158203125, -0.04437255859375
-0.802825927734375, -0.326751708984375, -0.76531982421875, 0.111114501953125, -0.357757568359375, -0.03375244140625
-0.9998779296875, -0.9998779296875, -0.267181396484375, 0.264739990234375, -0.527130126953125, -0.070343017578125
-0.9998779296875, -0.9998779296875, 0.09832763671875, 0.25262451171875, -0.545806884765625, -0.061920166015625
-0.9998779296875, -0.9998779296875, 0.9998779296875, 0.185333251953125, -0.51153564453125, 0.013275146484375
-0.40948486328125, 0.148101806640625, 0.9998779296875, 0.015228271484375, -0.0670166015625, 0.233184814453125
-0.359039306640625, 0.614715576171875, 0.9998779296875, -0.06494140625, 0.055511474609375, 0.206817626953125
-0.28094482421875, 0.5223388671875, 0.215240478515625, -0.203033447265625, 0.198516845703125, 0.071563720703125
0.024444580078125, -0.391448974609375, -0.286529541015625, -0.05987548828125, 0.077850341796875, -0.038238525390625
0.034942626953125, -0.39605712890625, -0.264892578125, -0.012054443359375, 0.042083740234375, -0.02392578125
0.0567626953125, -0.34906005859375, -0.085357666015625, 0.025238037109375, -0.012420654296875, 0.00030517578125
0.021148681640625, -0.143951416015625, 0.18609619140625, 0.0252685546875, -0.040435791015625, 0.025115966796875
0.025238037109375, -0.09765625, 0.235260009765625, 0.0225830078125, -0.0369873046875, 0.023681640625
0.0340576171875, -0.095672607421875, 0.25836181640625, 0.008819580078125, -0.020477294921875, 0.012939453125
0.04974365234375, -0.1358642578125, 0.18316650390625, -0.018463134765625, 0.013336181640625, 0.002349853515625
0.05413818359375, -0.135162353515625, 0.16412353515625, -0.026611328125, 0.017608642578125, 0.000946044921875
0.0623779296875, -0.13714599609375, 0.14306640625, -0.035797119140625, 0.020904541015625, -0.00213623046875
0.0557861328125, -0.1494140625, 0.113006591796875, -0.022705078125, 0.013763427734375, -0.00689697265625
0.052276611328125, -0.143310546875, 0.103790283203125, -0.016693115234375, 0.01104736328125, -0.007415771484375
0.04150390625, -0.155029296875, 0.095489501953125, -0.008697509765625, 0.003387451171875, -0.0107421875
0.0367431640625, -0.213348388671875, 0.135498046875, -0.005889892578125, -0.006561279296875, -0.012481689453125
0.03460693359375, -0.21087646484375, 0.152313232421875, -0.0054931640625, -0.007293701171875, -0.010711669921875
0.04168701171875, -0.21038818359375, 0.17425537109375, -0.0111083984375, -0.006378173828125, -0.0076904296875
0.0457763671875, -0.1851806640625, 0.181976318359375, -0.00823974609375, -0.00067138671875, -0.001495361328125
0.04461669921875, -0.1763916015625, 0.18157958984375, -0.00830078125, 0.00030517578125, -0.001129150390625
0.044891357421875, -0.160552978515625, 0.194305419921875, -0.01080322265625, 0.001556396484375, -0.001495361328125
0.033416748046875, -0.134063720703125, 0.194366455078125, -0.01373291015625, 0.00927734375, -0.00689697265625
0.031524658203125, -0.137054443359375, 0.1949462890625, -0.014862060546875, 0.01116943359375, -0.0093994140625
0.022613525390625, -0.189178466796875, 0.151885986328125, -0.023193359375, 0.017303466796875, -0.01641845703125

-0.3189697265625, -0.9998779296875, 0.143585205078125, -0.10418701171875, -0.03228759765625, 0.0953369140625
-0.56683349609375, -0.9998779296875, 0.164031982421875, -0.10113525390625, -0.03485107421875, 0.16973876953125
-0.9998779296875, 0.183441162109375, 0.988677978515625, -0.150909423828125, -0.00372314453125, 0.423858642578125
-0.0751953125, 0.9998779296875, 0.9998779296875, -0.09197998046875, 0.20172119140625, 0.180816650390625
-0.33929443359375, 0.9998779296875, 0.9998779296875, -0.0587158203125, 0.26904296875, 0.031005859375
-0.709075927734375, -0.58563232421875, 0.01263427734375, -0.1505126953125, 0.351409912109375, -0.15020751953125
0.06439208984375, 0.36077880859375, -0.1197509765625, -0.195831298828125, 0.146453857421875, -0.025390625
0.072509765625, 0.3416748046875, -0.122344970703125, -0.183197021484375, 0.138153076171875, -0.049896240234375
0.061676025390625, 0.237060546875, -0.2254638671875, -0.10479736328125, 0.117950439453125, -0.08489990234375
0.09136962890625, 0.074249267578125, -0.3565673828125, -0.000274658203125, 0.056182861328125, -0.108306884765625
0.082977294921875, 0.056243896484375, -0.3260498046875, -0.002105712890625, 0.03997802734375, -0.110382080078125
0.0843505859375, 0.034027099609375, -0.180206298828125, -0.029815673828125, 0.01605224609375, -0.114471435546875
0.10089111328125, 0.014007568359375, -0.0692138671875, -0.061920166015625, 0.007537841796875, -0.118560791015625
0.104400634765625, -0.03375244140625, -0.082061767578125, -0.05889892578125, 0.0054931640625, -0.11981201171875
0.12359619140625, -0.143157958984375, -0.09173583984375, -0.049072265625, -0.002777099609375, -0.116607666015625
0.1328125, -0.14117431640625, -0.096710205078125, -0.04986572265625, -0.01971435546875, -0.09075927734375
0.137237548828125, -0.126739501953125, -0.11492919921875, -0.04833984375, -0.02447509765625, -0.085693359375
0.124542236328125, -0.112518310546875, -0.166259765625, -0.02984619140625, -0.03857421875, -0.08251953125
0.0672607421875, -0.207733154296875, -0.292755126953125, 0.019287109375, -0.10137939453125, -0.085052490234375
0.003936767578125, -0.21881103515625, -0.3056640625, 0.016357421875, -0.118377685546875, -0.078125
-0.158660888671875, -0.220916748046875, -0.444183349609375, 0.025634765625, -0.177459716796875, -0.06884765625
-0.705963134765625, -0.324737548828125, -0.950775146484375, 0.0919189453125, -0.291473388671875, -0.05889892578125
-0.999176025390625, -0.4757080078125, -0.9998779296875, 0.105010986328125, -0.35894775390625, -0.060211181640625
-0.9998779296875, -0.9998779296875, -0.8160400390625, 0.18377685546875, -0.522613525390625, -0.0712890625
-0.9998779296875, -0.9998779296875, 0.9998779296875, 0.081939697265625, -0.5625, 0.1861572265625
-0.9998779296875, -0.9998779296875, 0.9998779296875, 0.051300048828125, -0.472198486328125, 0.28863525390625
-0.639556884765625, 0.994964599609375, 0.9998779296875, -0.0130615234375, -0.116180419921875, 0.361480712890625
-0.395111083984375, -0.00799560546875, -0.118499755859375, -0.255340576171875, 0.24676513671875, -0.150054931640625
-0.09521484375, -0.780731201171875, -0.5660400390625, -0.062286376953125, 0.136688232421875, -0.100250244140625
0.049957275390625, -0.620452880859375, -0.47650146484375, 0.0430908203125, 0.003204345703125, -0.0140380859375
0.0233154296875, -0.245269775390625, 0.17523193359375, 0.0147705078125, -0.080078125, 0.04595947265625
0.041748046875, -0.083953857421875, 0.32958984375, -0.012481689453125, -0.074432373046875, 0.050537109375
0.066864013671875, 0.05145263671875, 0.385284423828125, 0.00518798828125, -0.040069580078125, 0.03753662109375
0.071868896484375, -0.1055908203125, 0.210296630859375, 0.001312255859375, 0.02020263671875, -0.009033203125
0.07037353515625, -0.1385498046875, 0.16253662109375, -0.0103759765625, 0.0277099609375, -0.012115478515625
0.078704833984375, -0.161529541015625, 0.095245361328125, -0.037078857421875, 0.033172607421875, -0.01287841796875
0.088775634765625, -0.134552001953125, 0.123992919921875, -0.03912353515625, 0.0172119140625, -0.007843017578125
0.089599609375, -0.115753173828125, 0.149322509765625, -0.036895751953125, 0.012359619140625, -0.0084228515625
0.08636474609375, -0.101837158203125, 0.166656494140625, -0.021331787109375, 0.012115478515625, -0.013580322265625
0.063995361328125, -0.177032470703125, 0.101959228515625, 0.00054931640625, 0.00689697265625, -0.018341064453125
0.0633544921875, -0.18817138671875, 0.09735107421875, -0.0006103515625, 0.004058837890625, -0.017608642578125
0.065826416015625, -0.201904296875, 0.111480712890625, -0.00775146484375, -0.001678466796875, -0.0146484375
0.076629638671875, -0.191497802734375, 0.15716552734375, -0.016754150390625, -0.00592041015625, -0.005096435546875
0.0771484375, -0.1595458984375, 0.1751708984375, -0.022247314453125, -0.005706787109375, -0.003021240234375
0.07659912109375, -0.13287353515625, 0.1744384765625, -0.01776123046875, -0.0035400390625, -0.002960205078125
0.0701904296875, -0.130615234375, 0.175567626953125, -0.016448974609375, -0.00372314453125, -0.01043701171875
0.06878662109375, -0.1427001953125, 0.17559814453125, -0.0137939453125, -0.003662109375, -0.011871337890625
0.062347412109375, -0.152618408203125, 0.1856689453125, -0.01776123046875, -0.0032958984375, -0.013519287109375
0.056884765625, -0.17340087890625, 0.210662841796875, -0.0306396484375, 0.000762939453125, -0.012420654296875
0.055694580078125, -0.173187255859375, 0.212646484375, -0.036224365234375, 0.0048828125, -0.009307861328125

-0.302276611328125, -0.9998779296875, 0.21533203125, -0.01483154296875, -0.026947021484375, 0.11474609375
-0.4698486328125, -0.9998779296875, 0.227813720703125, -0.009735107421875, -0.035614013671875, 0.175140380859375
-0.687347412109375, -0.485595703125, 0.6849365234375, -0.042236328125, -0.046295166015625, 0.280181884765625
-0.274261474609375, 0.9998779296875, 0.9998779296875, -0.027099609375, 0.184356689453125, 0.21099853515625
-0.297149658203125, 0.9998779296875, 0.9998779296875, 0.0108642578125, 0.256439208984375, 0.127838134765625
-0.572906494140625, 0.9998779296875, 0.45697021484375, 0.03680419921875, 0.3232421875, -0.02911376953125
-0.305206298828125, 0.409332275390625, -0.66534423828125, 0.0035400390625, 0.244598388671875, -0.0772705078125
-0.057281494140625, 0.60430908203125, -0.528411865234375, -0.0516357421875, 0.191314697265625, -0.134002685546875
-0.113311767578125, -0.001739501953125, -0.3157958984375, -0.12225341796875, 0.09442138671875, -0.186553955078125
-0.007354736328125, -0.149658203125, 0.0723876953125, -0.108978271484375, 0.054229736328125, -0.166961669921875
-0.005035400390625, -0.0997314453125, -0.02020263671875, -0.116363525390625, 0.064483642578125, -0.14935302734375
-0.006561279296875, -0.195709228515625, -0.185211181640625, -0.06024169921875, 0.02032470703125, -0.142059326171875
0.018310546875, -0.237274169921875, -0.163116455078125, -0.063690185546875, 0.001617431640625, -0.132110595703125
0.033050537109375, -0.303497314453125, -0.141632080078125, -0.051422119140625, -0.01300048828125, -0.11962890625
0.0458984375, -0.3841552734375, -0.228607177734375, -0.00543212890625, -0.03460693359375, -0.09722900390625
0.030548095703125, -0.39483642578125, -0.29193115234375, 0.026092529296875, -0.05657958984375, -0.076568603515625
-0.025360107421875, -0.400177001953125, -0.49468994140625, 0.030181884765625, -0.090057373046875, -0.05145263671875
-0.565216064453125, -0.2386474609375, -0.9998779296875, 0.016632080078125, -0.26611328125, 0.005096435546875
-0.877777099609375, -0.263519287109375, -0.9998779296875, 0.041168212890625, -0.340179443359375, 0.008697509765625
-0.9998779296875, -0.5377197265625, -0.95538330078125, 0.14813232421875, -0.499542236328125, -0.01007080078125
-0.9998779296875, -0.9998779296875, 0.971038818359375, 0.125885009765625, -0.65216064453125, 0.048553466796875
-0.9998779296875, -0.9998779296875, 0.9998779296875, 0.0499267578125, -0.60968017578125, 0.13629150390625
-0.8790283203125, -0.332183837890625, 0.9998779296875, 0.02081298828125, -0.308349609375, 0.29095458984375
-0.32861328125, 0.9998779296875, 0.126678466796875, -0.25396728515625, 0.21441650390625, -0.107391357421875
-0.344207763671875, -0.129913330078125, -0.060455322265625, -0.2352294921875, 0.18115234375, -0.16888427734375
-0.157958984375, -0.742523193359375, -0.243499755859375, -0.0631103515625, 0.113372802734375, -0.162750244140625
0.01800537109375, -0.570159912109375, -0.0032958984375, 0.0074462890625, -0.0081787109375, -0.001312255859375
0.02862548828125, -0.4521484375, 0.069580078125, -0.000091552734375, -0.015869140625, 0.022003173828125
0.0054931640625, -0.2352294921875, 0.12432861328125, 0.001708984375, -0.0169677734375, 0.046875
0.025482177734375, -0.041259765625, 0.154693603515625, 0.015533447265625, -0.0140380859375, 0.038116455078125
0.036865234375, -0.050537109375, 0.149993896484375, 0.007781982421875, -0.010650634765625, 0.022369384765625
0.048980712890625, -0.072418212890625, 0.158538818359375, -0.0130615234375, -0.006439208984375, 0.017578125
0.058135986328125, -0.089752197265625, 0.184783935546875, -0.04058837890625, -0.001556396484375, 0.001556396484375
0.0562744140625, -0.096954345703125, 0.198150634765625, -0.045135498046875, -0.000946044921875, -0.001434326171875
0.05584716796875, -0.108612060546875, 0.201324462890625, -0.030548095703125, 0.001129150390625, -0.00494384765625
0.02716064453125, -0.12530517578125, 0.155609130859375, -0.003387451171875, -0.000091552734375, -0.01495361328125
0.025238037109375, -0.13653564453125, 0.156219482421875, -0.002960205078125, -0.0010986328125, -0.017333984375
0.0145263671875, -0.159820556640625, 0.16375732421875, -0.005157470703125, -0.00262451171875, -0.020782470703125
0.01617431640625, -0.204193115234375, 0.202178955078125, -0.015716552734375, -0.00177001953125, -0.020111083984375
0.02545166015625, -0.2064208984375, 0.20953369140625, -0.018463134765625, -0.00054931640625, -0.01824951171875
0.0189208984375, -0.207305908203125, 0.214080810546875, -0.018310546875, 0.00274658203125, -0.013427734375
0.01776123046875, -0.1956787109375, 0.20751953125, -0.02154541015625, 0.00799560546875, -0.0042724609375
0.01666259765625, -0.196563720703125, 0.21142578125, -0.022552490234375, 0.008636474609375, -0.0023193359375
0.01348876953125, -0.1949462890625, 0.20123291015625, -0.027679443359375, 0.01092529296875, 0.0018310546875
0.023040771484375, -0.14288330078125, 0.194671630859375, -0.044464111328125, 0.013580322265625, 0.006927490234375
0.02447509765625, -0.137847900390625, 0.207366943359375, -0.044403076171875, 0.01312255859375, 0.005828857421875
0.024810791015625, -0.179412841796875, 0.21038818359375, -0.035675048828125, 0.014801025390625, 0.00433349609375
0.034912109375, -0.178497314453125, 0.18975830078125, -0.031341552734375, 0.016448974609375, 0.021514892578125
0.0389404296875, -0.158203125, 0.1988525390625, -0.037445068359375, 0.015777587890625, 0.025421142578125
0.045013427734375, -0.098297119140625, 0.21148681640625, -0.038848876953125, 0.01568603515625, 0.029205322265625

-0.10888671875, 0.32342529296875, 0.948883056640625, -0.14788818359375, -0.024261474609375, 0.131317138671875
-0.062164306640625, 0.74700927734375, 0.9998779296875, -0.10205078125, 0.062255859375, 0.11688232421875
-0.616546630859375, 0.925537109375, 0.71624755859375, 0.113525390625, 0.33013916015625, -0.004364013671875
-0.94085693359375, 0.473175048828125, 0.272705078125, 0.144195556640625, 0.36480712890625, -0.03350830078125
-0.48809814453125, 0.595458984375, -0.845916748046875, 0.1529541015625, 0.36163330078125, 0.0028076171875
-0.02294921875, 0.9998779296875, -0.729217529296875, 0.147186279296875, 0.1767578125, -0.06591796875
-0.01824951171875, 0.9998779296875, -0.7528076171875, 0.148193359375, 0.1424560546875, -0.125701904296875
-0.165802001953125, 0.467620849609375, -0.83282470703125, 0.108612060546875, 0.086669921875, -0.201324462890625
0.01654052734375, -0.3397216796875, 0.06634521484375, -0.103912353515625, -0.03729248046875, -0.1724853515625
0.044464111328125, -0.218719482421875, 0.0841064453125, -0.098846435546875, -0.03253173828125, -0.14166259765625
0.0513916015625, 0.077392578125, 0.026580810546875, -0.075531005859375, -0.028472900390625, -0.112457275390625
0.00762939453125, -0.192230224609375, 0.02667236328125, -0.09716796875, -0.041046142578125, -0.127471923828125
0.039947509765625, -0.324615478515625, 0.1917724609375, -0.154327392578125, -0.045318603515625, -0.11492919921875
0.08380126953125, -0.29840087890625, 0.153411865234375, -0.1533203125, -0.041259765625, -0.0780029296875
0.101806640625, -0.149322509765625, 0.200286865234375, -0.092620849609375, -0.0577392578125, -0.028472900390625
0.0992431640625, -0.150604248046875, 0.166351318359375, -0.08203125, -0.05645751953125, -0.02239990234375
0.071685791015625, -0.164886474609375, 0.017059326171875, -0.0579833984375, -0.057342529296875, -0.0089111328125
-0.194793701171875, -0.5450439453125, -0.08941650390625, -0.100341796875, -0.12890625, 0.04278564453125
-0.3050537109375, -0.847686767578125, -0.03009033203125, -0.070068359375, -0.154327392578125, 0.072723388671875
-0.874114990234375, -0.9998779296875, 0.096435546875, 0.127838134765625, -0.22222900390625, 0.176116943359375
-0.9998779296875, -0.9998779296875, 0.9998779296875, 0.3544921875, -0.335968017578125, 0.449005126953125
-0.9998779296875, -0.639373779296875, 0.9998779296875, 0.30419921875, -0.25311279296875, 0.50347900390625
-0.96820068359375, 0.9998779296875, 0.9998779296875, 0.144561767578125, 0.020843505859375, 0.492340087890625
0.115081787109375, 0.9998779296875, -0.620574951171875, -0.017791748046875, 0.123443603515625, 0.034759521484375
0.06488037109375, 0.90716552734375, -0.572113037109375, -0.198028564453125, 0.029052734375, -0.11798095703125
-0.069091796875, 0.08404541015625, 0.523406982421875, -0.21435546875, -0.0283203125, -0.171722412109375
-0.0174560546875, -0.448150634765625, 0.38848876953125, -0.07330322265625, 0.035369873046875, -0.12786865234375
-0.004608154296875, -0.4971923828125, 0.25531005859375, -0.038787841796875, 0.04632568359375, -0.1021728515625
0.0255126953125, -0.451507568359375, 0.097747802734375, -0.025726318359375, 0.050079345703125, -0.0498046875
0.057586669921875, -0.1478271484375, 0.009490966796875, -0.012481689453125, 0.01922607421875, 0.020172119140625
0.062896728515625, -0.077972412109375, 0.048828125, -0.005523681640625, 0.006927490234375, 0.027191162109375
0.08612060546875, 0.028076171875, 0.180908203125, 0.011810302734375, -0.0107421875, 0.03009033203125
0.113037109375, 0.09136962890625, 0.274139404296875, 0.00201416015625, -0.004058837890625, 0.008819580078125
0.113494873046875, 0.08660888671875, 0.262237548828125, -0.00482177734375, 0.000335693359375, 0.00213623046875
0.106964111328125, 0.048004150390625, 0.215545654296875, -0.01287841796875, 0.006317138671875, -0.00982666015625
0.091949462890625, -0.02423095703125, 0.18212890625, -0.018890380859375, 0.00390625, -0.01904296875
0.086578369140625, -0.039825439453125, 0.19573974609375, -0.01751708984375, -0.000518798828125, -0.01922607421875
0.083648681640625, -0.060516357421875, 0.202667236328125, -0.01068115234375, -0.0035400390625, -0.017669677734375
0.085540771484375, -0.045196533203125, 0.209930419921875, 0.000091552734375, -0.009033203125, -0.01239013671875
0.086456298828125, -0.04412841796875, 0.221405029296875, 0.000762939453125, -0.010101318359375, -0.012359619140625
0.08428955078125, -0.051483154296875, 0.2384033203125, 0.0009765625, -0.009429931640625, -0.013153076171875
0.076385498046875, -0.069244384765625, 0.244293212890625, -0.0098876953125, -0.001953125, -0.010711669921875
0.075958251953125, -0.065582275390625, 0.240875244140625, -0.0135498046875, -0.000396728515625, -0.009796142578125
0.07244873046875, -0.0604248046875, 0.223297119140625, -0.0181884765625, 0.00146484375, -0.009033203125
0.079376220703125, -0.052764892578125, 0.2186279296875, -0.024017333984375, -0.000701904296875, -0.00860595703125
0.0823974609375, -0.05096435546875, 0.228240966796875, -0.025115966796875, -0.0009765625, -0.008575439453125
0.08502197265625, -0.057647705078125, 0.24432373046875, -0.026214599609375, 0.000152587890625, -0.008087158203125
0.081268310546875, -0.04974365234375, 0.220550537109375, -0.014923095703125, 0.003631591796875, -0.0013427734375
0.08880615234375, -0.042205810546875, 0.213409423828125, -0.011077880859375, 0.00360107421875, 0.000091552734375
0.089569091796875, -0.037933349609375, 0.19219970703125, -0.002532958984375, 0.00250244140625, 0.002532958984375

-0.323486328125, -0.85565185546875, -0.04913330078125, -0.17584228515625, -0.1151123046875, 0.069793701171875
-0.63397216796875, -0.84710693359375, 0.644256591796875, -0.057647705078125, -0.16558837890625, 0.187530517578125
-0.795745849609375, 0.4906005859375, 0.9998779296875, 0.079437255859375, 0.072113037109375, 0.330963134765625
-0.899688720703125, 0.9742431640625, 0.9998779296875, 0.090484619140625, 0.193023681640625, 0.32684326171875
-0.9998779296875, 0.9998779296875, 0.9998779296875, 0.10662841796875, 0.3721923828125, 0.241485595703125
-0.34368896484375, 0.629974365234375, -0.917236328125, 0.0804443359375, 0.371002197265625, 0.055267333984375
-0.121063232421875, 0.959381103515625, -0.9998779296875, -0.0093994140625, 0.217437744140625, 0
0.042999267578125, 0.759857177734375, -0.451416015625, -0.01763916015625, 0.1031494140625, -0.119873046875
-0.15045166015625, 0.13250732421875, 0.1971435546875, -0.124420166015625, 0.038177490234375, -0.20184326171875
-0.119110107421875, -0.06695556640625, 0.296051025390625, -0.124664306640625, 0.039825439453125, -0.19207763671875
-0.0291748046875, -0.21435546875, 0.1197509765625, -0.05706787109375, 0.076263427734375, -0.16265869140625
0.01953125, -0.175567626953125, -0.146728515625, -0.032623291015625, 0.070526123046875, -0.1260986328125
0.0484619140625, -0.188751220703125, -0.157196044921875, -0.03753662109375, 0.0606689453125, -0.11944580078125
0.06854248046875, -0.206451416015625, -0.07958984375, -0.055084228515625, 0.04290771484375, -0.1048583984375
0.122955322265625, -0.117340087890625, 0.048553466796875, -0.082794189453125, 0.04669189453125, -0.0689697265625
0.12957763671875, -0.12030029296875, 0.000274658203125, -0.07147216796875, 0.049774169921875, -0.06768798828125
0.16607666015625, -0.1614990234375, -0.061614990234375, -0.04901123046875, 0.046722412109375, -0.066680908203125
0.137725830078125, -0.21453857421875, -0.124237060546875, -0.017486572265625, 0.033233642578125, -0.056854248046875
0.13531494140625, -0.230377197265625, -0.153533935546875, -0.009735107421875, 0.027557373046875, -0.052001953125
0.133453369140625, -0.240142822265625, -0.263275146484375, 0.011138916015625, 0.012847900390625, -0.04107666015625
0.03082275390625, -0.180389404296875, -0.594573974609375, -0.006805419921875, -0.0855712890625, -0.013824462890625
-0.04254150390625, -0.1685791015625, -0.674652099609375, -0.028289794921875, -0.123809814453125, -0.00787353515625
-0.255615234375, -0.148590087890625, -0.72503662109375, -0.057159423828125, -0.22235107421875, 0.0013427734375
-0.9998779296875, -0.926361083984375, -0.568023681640625, 0.123382568359375, -0.43072509765625, 0.006988525390625
-0.9998779296875, -0.9998779296875, -0.422088623046875, 0.18597412109375, -0.4844970703125, 0.025848388671875
-0.9998779296875, -0.9998779296875, 0.859344482421875, 0.2601318359375, -0.56439208984375, 0.078125
-0.565093994140625, -0.3214111328125, 0.9998779296875, -0.0128173828125, -0.07080078125, 0.278961181640625
-0.14300537109375, 0.982513427734375, 0.9998779296875, -0.085845947265625, 0.048583984375, 0.2354736328125
-0.10626220703125, 0.773406982421875, 0.198699951171875, -0.24420166015625, 0.158660888671875, 0.051025390625
-0.022857666015625, -0.40576171875, -0.006134033203125, -0.1282958984375, 0.096710205078125, -0.075347900390625
-0.00482177734375, -0.423858642578125, -0.01171875, -0.066986083984375, 0.074737548828125, -0.054901123046875
0.058349609375, -0.367828369140625, 0.031219482421875, 0.013397216796875, 0.041748046875, -0.010009765625
0.093292236328125, -0.05645751953125, 0.0279541015625, -0.002471923828125, 0.022674560546875, 0.024993896484375
0.088409423828125, -0.010345458984375, 0.029296875, -0.005706787109375, 0.018157958984375, 0.02178955078125
0.093505859375, -0.000762939453125, 0.05657958984375, -0.0146484375, 0.009368896484375, 0.00726318359375
0.096710205078125, -0.085052490234375, 0.139495849609375, -0.04412841796875, 0.000274658203125, -0.013397216796875
0.0994873046875, -0.0980224609375, 0.165618896484375, -0.048614501953125, -0.000091552734375, -0.014678955078125
0.104278564453125, -0.110809326171875, 0.18829345703125, -0.05108642578125, 0.002105712890625, -0.013580322265625
0.100372314453125, -0.096527099609375, 0.1949462890625, -0.045623779296875, 0.00775146484375, -0.007659912109375
0.098602294921875, -0.09320068359375, 0.179718017578125, -0.03948974609375, 0.008026123046875, -0.007659912109375
0.092803955078125, -0.08416748046875, 0.156585693359375, -0.02337646484375, 0.004638671875, -0.00872802734375
0.087615966796875, -0.11572265625, 0.14453125, 0.012847900390625, -0.009521484375, -0.013397216796875
0.0850830078125, -0.12506103515625, 0.157470703125, 0.014556884765625, -0.0125732421875, -0.013763427734375
0.08221435546875, -0.14227294921875, 0.197021484375, 0.007415771484375, -0.01507568359375, -0.01348876953125
0.082977294921875, -0.13983154296875, 0.228790283203125, -0.016571044921875, -0.00689697265625, -0.007232666015625
0.083282470703125, -0.130126953125, 0.230926513671875, -0.02105712890625, -0.0040283203125, -0.00567626953125
0.086029052734375, -0.1107177734375, 0.221649169921875, -0.028350830078125, 0.00030517578125, -0.004852294921875
0.0755615234375, -0.111358642578125, 0.211334228515625, -0.028472900390625, 0.00335693359375, -0.006500244140625
0.07318115234375, -0.11163330078125, 0.206939697265625, -0.02435302734375, 0.00347900390625, -0.006744384765625
0.07257080078125, -0.121337890625, 0.196197509765625, -0.02325439453125, 0.002197265625, -0.00665283203125

-0.789947509765625, -0.9998779296875, 0.159210205078125, -0.022186279296875, -0.152923583984375, 0.203277587890625
-0.9998779296875, -0.9998779296875, 0.971160888671875, 0.076507568359375, -0.190887451171875, 0.29205322265625
-0.9998779296875, 0.12017822265625, 0.9998779296875, 0.087371826171875, -0.108917236328125, 0.397216796875
-0.460601806640625, 0.9998779296875, 0.45361328125, 0.04705810546875, 0.285980224609375, 0.21575927734375
-0.353424072265625, 0.9998779296875, 0.035400390625, 0.05731201171875, 0.2901611328125, 0.129058837890625
-0.309661865234375, 0.35662841796875, 0.01824951171875, 0.038543701171875, 0.244964599609375, 0.005584716796875
0.05706787109375, 0.36029052734375, -0.18402099609375, -0.03961181640625, 0.12298583984375, 0.004364013671875
0.089813232421875, 0.746856689453125, 0.11114501953125, -0.046844482421875, 0.1146240234375, -0.02392578125
0.022857666015625, 0.56121826171875, -0.0457763671875, -0.034759521484375, 0.1177978515625, -0.100189208984375
-0.01678466796875, 0.0345458984375, -0.16815185546875, 0.011993408203125, 0.0841064453125, -0.144622802734375
-0.000091552734375, -0.018707275390625, -0.1591796875, -0.00311279296875, 0.075653076171875, -0.14093017578125
0.05029296875, -0.06866455078125, -0.090484619140625, -0.037353515625, 0.05914306640625, -0.12750244140625
0.106353759765625, -0.0338134765625, -0.050537109375, -0.082550048828125, 0.05029296875, -0.102691650390625
0.110198974609375, -0.017486572265625, -0.052154541015625, -0.10430908203125, 0.043670654296875, -0.100006103515625
0.102325439453125, -0.000335693359375, -0.046661376953125, -0.112091064453125, 0.0347900390625, -0.101776123046875
0.093414306640625, -0.04144287109375, -0.12725830078125, -0.09228515625, 0.019317626953125, -0.10601806640625
0.1033935546875, -0.048126220703125, -0.1768798828125, -0.066741943359375, 0.002044677734375, -0.103790283203125
0.072601318359375, -0.03936767578125, -0.3712158203125, -0.040283203125, -0.02783203125, -0.103057861328125
-0.293731689453125, -0.208404541015625, -0.9998779296875, 0.07366943359375, -0.171844482421875, -0.111663818359375
-0.619842529296875, -0.390625, -0.9998779296875, 0.113189697265625, -0.25250244140625, -0.1214599609375
-0.9998779296875, -0.9998779296875, -0.9998779296875, 0.182708740234375, -0.463134765625, -0.128021240234375
-0.9998779296875, -0.9998779296875, 0.9998779296875, 0.249908447265625, -0.524444580078125, 0.27392578125
-0.297698974609375, 0.536346435546875, -0.247589111328125, -0.303253173828125, 0.265106201171875, -0.032196044921875
-0.050750732421875, -0.5614013671875, -0.378570556640625, -0.23162841796875, 0.1051025390625, -0.13690185546875
0.055572509765625, -0.44580078125, 0.179290771484375, 0.068695068359375, -0.035980224609375, -0.01416015625
0.059112548828125, -0.377471923828125, 0.18963623046875, 0.0677490234375, -0.028564453125, 0.00140380859375
0.046844482421875, -0.26678466796875, 0.18194580078125, 0.042022705078125, -0.010955810546875, 0.019500732421875
0.074615478515625, -0.1005859375, 0.1015625, -0.0325927734375, 0.016082763671875, 0.023681640625
0.079498291015625, -0.0743408203125, 0.078704833984375, -0.03985595703125, 0.0179443359375, 0.020294189453125
0.08544921875, -0.04998779296875, 0.044464111328125, -0.04522705078125, 0.01495361328125, 0.009124755859375
0.08807373046875, -0.095245361328125, 0.128936767578125, -0.037445068359375, -0.006439208984375, -0.01458740234375
0.088226318359375, -0.1085205078125, 0.15850830078125, -0.041595458984375, -0.00897216796875, -0.018280029296875
0.082977294921875, -0.147979736328125, 0.168060302734375, -0.0250244140625, -0.01019287109375, -0.01971435546875
0.065826416015625, -0.15283203125, 0.180511474609375, -0.0072021484375, -0.0103759765625, -0.01995849609375
0.0615234375, -0.168060302734375, 0.170196533203125, 0.001434326171875, -0.009765625, -0.020172119140625
0.050018310546875, -0.208648681640625, 0.163299560546875, 0.005340576171875, -0.00909423828125, -0.01934814453125
0.049468994140625, -0.22796630859375, 0.217803955078125, -0.025177001953125, -0.0040283203125, -0.004119873046875
0.0550537109375, -0.21893310546875, 0.22576904296875, -0.02764892578125, -0.001251220703125, -0.000823974609375
0.0540771484375, -0.185760498046875, 0.2095947265625, -0.02947998046875, 0.004119873046875, 0.00506591796875
0.05328369140625, -0.135589599609375, 0.193267822265625, -0.024200439453125, 0.0048828125, 0.0068359375
0.056640625, -0.133544921875, 0.189483642578125, -0.02020263671875, 0.0042724609375, 0.005889892578125
0.06195068359375, -0.12335205078125, 0.186676025390625, -0.01318359375, 0.00286865234375, 0.004150390625
0.06011962890625, -0.14239501953125, 0.185150146484375, -0.015411376953125, 0.002899169921875, -0.001190185546875
0.061004638671875, -0.157257080078125, 0.18304443359375, -0.01605224609375, 0.00311279296875, -0.001373291015625
0.06158447265625, -0.178466796875, 0.179534912109375, -0.0213623046875, 0.003692626953125, 0.000091552734375
0.06463623046875, -0.151123046875, 0.18878173828125, -0.03973388671875, 0.003143310546875, 0.010101318359375
0.061767578125, -0.13330078125, 0.194915771484375, -0.040863037109375, 0.003265380859375, 0.011871337890625
0.072845458984375, -0.1043701171875, 0.20330810546875, -0.036041259765625, 0.0035400390625, 0.012908935546875
0.077484130859375, -0.096343994140625, 0.199676513671875, -0.025177001953125, 0.002532958984375, 0.007568359375
0.07366943359375, -0.0794677734375, 0.22509765625, -0.028961181640625, 0.00421142578125, 0.0057373046875

-0.36541748046875, -0.63232421875, 0.39849853515625, -0.044342041015625, -0.04364013671875, 0.176025390625
-0.30523681640625, 0.684814453125, 0.9998779296875, 0.026275634765625, 0.05633544921875, 0.25299072265625
-0.321807861328125, 0.9998779296875, 0.9998779296875, 0.05792236328125, 0.137115478515625, 0.231201171875
-0.4814453125, 0.9998779296875, 0.9813232421875, 0.1324462890625, 0.295623779296875, 0.118988037109375
-0.310791015625, -0.017181396484375, -0.72509765625, -0.019287109375, 0.296844482421875, -0.0234375
-0.06719970703125, 0.300445556640625, -0.791412353515625, -0.0552978515625, 0.23419189453125, -0.0177001953125
0.045928955078125, 0.40423583984375, -0.332122802734375, -0.152618408203125, 0.1265869140625, -0.0634765625
-0.001220703125, 0.11883544921875, 0.1993408203125, -0.19635009765625, 0.106475830078125, -0.14190673828125
-0.011199951171875, -0.098846435546875, 0.040191650390625, -0.165374755859375, 0.107666015625, -0.133453369140625
0.061920166015625, -0.11724853515625, -0.244232177734375, -0.064117431640625, 0.088134765625, -0.115753173828125
0.087738037109375, -0.173583984375, -0.297454833984375, -0.022064208984375, 0.039398193359375, -0.098602294921875
0.104583740234375, -0.19110107421875, -0.265228271484375, -0.025360107421875, 0.023101806640625, -0.09222412109375
0.141571044921875, -0.194427490234375, -0.16741943359375, -0.034423828125, -0.002471923828125, -0.076812744140625
0.1650390625, -0.168914794921875, -0.157379150390625, 0.00054931640625, -0.032745361328125, -0.047454833984375
0.162445068359375, -0.145416259765625, -0.15838623046875, 0.005157470703125, -0.041290283203125, -0.04400634765625
0.154541015625, -0.117218017578125, -0.145233154296875, 0.003143310546875, -0.05780029296875, -0.040008544921875
0.121734619140625, -0.051849365234375, -0.17034912109375, -0.001678466796875, -0.08026123046875, -0.041656494140625
0.108001708984375, -0.03387451171875, -0.185150146484375, -0.0018310546875, -0.090576171875, -0.04522705078125
0.04718017578125, 0.014251708984375, -0.252838134765625, 0.0076904296875, -0.114105224609375, -0.0552978515625
-0.609375, -0.2364501953125, -0.9998779296875, 0.125823974609375, -0.27410888671875, -0.110931396484375
-0.957611083984375, -0.4990234375, -0.9998779296875, 0.174163818359375, -0.430877685546875, -0.142181396484375
-0.9998779296875, -0.9998779296875, -0.806671142578125, 0.253662109375, -0.56402587890625, -0.099700927734375
-0.9998779296875, -0.9998779296875, 0.9998779296875, 0.233306884765625, -0.625396728515625, 0.076080322265625
-0.9998779296875, -0.9998779296875, 0.9998779296875, 0.187255859375, -0.53094482421875, 0.167083740234375
-0.57916259765625, -0.15142822265625, 0.9998779296875, 0.07257080078125, -0.20489501953125, 0.305206298828125
-0.352081298828125, 0.16815185546875, -0.02642822265625, -0.353057861328125, 0.261199951171875, 0.00897216796875
-0.224609375, -0.3463134765625, -0.290008544921875, -0.355682373046875, 0.247894287109375, -0.050750732421875
-0.0213623046875, -0.525421142578125, -0.51043701171875, -0.1845703125, 0.1597900390625, -0.046661376953125
0.088836669921875, -0.255615234375, -0.062286376953125, 0.05950927734375, -0.018096923828125, 0.02032470703125
0.082733154296875, -0.215087890625, -0.005950927734375, 0.058380126953125, -0.02691650390625, 0.02593994140625
0.0872802734375, -0.10498046875, 0.101531982421875, 0.051422119140625, -0.032073974609375, 0.029815673828125
0.091217041015625, -0.092620849609375, 0.135162353515625, -0.0181884765625, -0.01068115234375, 0.01007080078125
0.10321044921875, -0.098663330078125, 0.13140869140625, -0.043060302734375, -0.0023193359375, 0.0037841796875
0.10980224609375, -0.12200927734375, 0.13250732421875, -0.064483642578125, 0.00140380859375, 0.000030517578125
0.111724853515625, -0.10150146484375, 0.159942626953125, -0.077972412109375, 0.00347900390625, -0.00244140625
0.111541748046875, -0.092529296875, 0.177734375, -0.07781982421875, 0.003265380859375, -0.003875732421875
0.109466552734375, -0.07720947265625, 0.197967529296875, -0.0693359375, 0.00360107421875, -0.008026123046875
0.088287353515625, -0.1160888671875, 0.1385498046875, -0.0047607421875, -0.00274658203125, -0.020843505859375
0.0863037109375, -0.126617431640625, 0.13677978515625, 0.003814697265625, -0.006317138671875, -0.022369384765625
0.07568359375, -0.158538818359375, 0.143829345703125, 0.01116943359375, -0.011993408203125, -0.024139404296875
0.074188232421875, -0.228240966796875, 0.2108154296875, -0.0069580078125, -0.013092041015625, -0.0184326171875
0.075408935546875, -0.233123779296875, 0.229522705078125, -0.014068603515625, -0.010528564453125, -0.014404296875
0.077117919921875, -0.207366943359375, 0.252716064453125, -0.025177001953125, -0.002288818359375, -0.004974365234375
0.0775146484375, -0.12994384765625, 0.208282470703125, -0.026580810546875, 0.012451171875, 0.002166748046875
0.0733642578125, -0.12481689453125, 0.19091796875, -0.025726318359375, 0.01409912109375, 0.00128173828125
0.077484130859375, -0.119293212890625, 0.1591796875, -0.02386474609375, 0.013580322265625, -0.001007080078125
0.077850341796875, -0.138885498046875, 0.15496826171875, -0.014984130859375, 0.004486083984375, -0.00616455078125
0.07568359375, -0.15386962890625, 0.1669921875, -0.0137939453125, 0.002288818359375, -0.00677490234375
0.073822021484375, -0.173858642578125, 0.178131103515625, -0.0126953125, 0.00048828125, -0.004852294921875
0.077392578125, -0.16162109375, 0.1878662109375, -0.006927490234375, -0.00164794921875, 0.003387451171875

-0.4390869140625, -0.9998779296875, -0.30255126953125, -0.158721923828125, -0.07476806640625, 0.1092529296875
-0.813629150390625, -0.9998779296875, -0.2950439453125, -0.10784912109375, -0.102691650390625, 0.21063232421875
-0.9998779296875, -0.569091796875, 0.982818603515625, -0.0029296875, -0.174560546875, 0.369903564453125
-0.65020751953125, 0.9998779296875, 0.9998779296875, -0.02642822265625, 0.222381591796875, 0.322479248046875
-0.603851318359375, 0.9998779296875, 0.9918212890625, 0.017608642578125, 0.32830810546875, 0.231170654296875
-0.71759033203125, 0.973663330078125, 0.326171875, 0.051422119140625, 0.367462158203125, 0.036224365234375
-0.06048583984375, 0.9434814453125, -0.7635498046875, 0.00372314453125, 0.202423095703125, -0.050323486328125
-0.075531005859375, 0.836639404296875, -0.471527099609375, -0.02777099609375, 0.137298583984375, -0.100799560546875
-0.133941650390625, 0.288238525390625, 0.0203857421875, -0.0953369140625, 0.077362060546875, -0.181365966796875
-0.07281494140625, -0.2933349609375, 0.192352294921875, -0.1431884765625, 0.08795166015625, -0.148681640625
0.003204345703125, -0.240509033203125, 0.089202880859375, -0.101470947265625, 0.099456787109375, -0.127899169921875
0.0299072265625, -0.133758544921875, -0.1328125, -0.06884765625, 0.1019287109375, -0.10296630859375
0.092926025390625, -0.1485595703125, -0.246734619140625, -0.049591064453125, 0.05072021484375, -0.092498779296875
0.107421875, -0.18536376953125, -0.240936279296875, -0.052093505859375, 0.03839111328125, -0.088775634765625
0.135711669921875, -0.222442626953125, -0.19622802734375, -0.05963134765625, 0.014892578125, -0.07421875
0.162994384765625, -0.10076904296875, -0.116363525390625, -0.049407958984375, -0.021270751953125, -0.04290771484375
0.163055419921875, -0.06024169921875, -0.100677490234375, -0.041015625, -0.029266357421875, -0.040435791015625
0.1600341796875, -0.008544921875, -0.117828369140625, -0.01409912109375, -0.044342041015625, -0.043243408203125
0.052581787109375, 0.032257080078125, -0.51800537109375, 0.041473388671875, -0.1162109375, -0.079193115234375
-0.116790771484375, 0.045928955078125, -0.558135986328125, 0.026763916015625, -0.146728515625, -0.10791015625
-0.59429931640625, -0.47296142578125, -0.795196533203125, 0.064117431640625, -0.28515625, -0.1268310546875
-0.9998779296875, -0.9998779296875, -0.495635986328125, 0.13043212890625, -0.3980712890625, -0.0701904296875
-0.9998779296875, -0.9998779296875, -0.17523193359375, 0.207977294921875, -0.466888427734375, -0.02349853515625
-0.9998779296875, -0.9998779296875, 0.998016357421875, 0.23895263671875, -0.508544921875, 0.109405517578125
-0.255523681640625, 0.47064208984375, 0.9998779296875, 0.117919921875, -0.115478515625, 0.27520751953125
-0.138427734375, 0.999053955078125, 0.9998779296875, 0.02423095703125, 0.02081298828125, 0.22760009765625
-0.190093994140625, 0.54718017578125, 0.3240966796875, -0.157562255859375, 0.19879150390625, 0.046112060546875
0.008453369140625, -0.332489013671875, -0.471923828125, -0.108367919921875, 0.0904541015625, -0.05145263671875
0.034881591796875, -0.286712646484375, -0.23876953125, -0.064697265625, 0.038055419921875, -0.0443115234375
0.052703857421875, -0.27447509765625, 0.0750732421875, -0.001617431640625, -0.0072021484375, -0.0350341796875
0.04986572265625, -0.270660400390625, 0.15179443359375, -0.005828857421875, 0.001617431640625, -0.01080322265625
0.04730224609375, -0.262908935546875, 0.13922119140625, -0.014923095703125, 0.0069580078125, -0.004913330078125
0.0523681640625, -0.24798583984375, 0.115692138671875, -0.04071044921875, 0.015411376953125, 0.0042724609375
0.080322265625, -0.155670166015625, 0.063629150390625, -0.055145263671875, 0.013580322265625, 0.018707275390625
0.0928955078125, -0.117156982421875, 0.078826904296875, -0.066986083984375, 0.009246826171875, 0.015045166015625
0.103790283203125, -0.043365478515625, 0.184967041015625, -0.08563232421875, -0.000732421875, 0.0079345703125
0.098388671875, -0.020172119140625, 0.25213623046875, -0.053680419921875, -0.0003662109375, -0.008941650390625
0.085205078125, -0.04119873046875, 0.251708984375, -0.040435791015625, 0.003875732421875, -0.015869140625
0.076080322265625, -0.104278564453125, 0.226837158203125, -0.043365478515625, 0.014801025390625, -0.028411865234375
0.06024169921875, -0.201416015625, 0.15863037109375, -0.0262451171875, 0.019256591796875, -0.03302001953125
0.07012939453125, -0.217864990234375, 0.14996337890625, -0.026824951171875, 0.01702880859375, -0.0301513671875
0.069915771484375, -0.219970703125, 0.15460205078125, -0.03497314453125, 0.0128173828125, -0.02105712890625
0.0767822265625, -0.16717529296875, 0.164398193359375, -0.01324462890625, 0.00433349609375, -0.00079345703125
0.08624267578125, -0.15081787109375, 0.162567138671875, -0.0126953125, 0.003570556640625, 0.00238037109375
0.079620361328125, -0.119110107421875, 0.1602783203125, -0.009918212890625, 0.000946044921875, 0.00701904296875
0.088531494140625, -0.11474609375, 0.209197998046875, -0.010040283203125, -0.002655029296875, 0.00067138671875
0.07196044921875, -0.126007080078125, 0.20947265625, -0.01495361328125, -0.00006103515625, -0.0009765625
0.092041015625, -0.126373291015625, 0.2054443359375, -0.025604248046875, 0.004974365234375, -0.001739501953125
0.079742431640625, -0.12060546875, 0.20758056640625, -0.013397216796875, 0.00726318359375, 0.0013427734375
0.080291748046875, -0.12255859375, 0.20281982421875, -0.010986328125, 0.007904052734375, 0.001251220703125

-0.30731201171875, -0.9998779296875, -0.427764892578125, 0.050262451171875, -0.191314697265625, 0.026519775390625
-0.503814697265625, -0.9998779296875, -0.190460205078125, 0.095184326171875, -0.24029541015625, 0.076934814453125
-0.997772216796875, -0.9998779296875, 0.90863037109375, 0.1119384765625, -0.29620361328125, 0.205780029296875
-0.4837646484375, 0.9998779296875, 0.9998779296875, 0.0562744140625, 0.010162353515625, 0.345001220703125
-0.256134033203125, 0.9998779296875, 0.9998779296875, 0.059722900390625, 0.194183349609375, 0.20556640625
-0.38165283203125, 0.541412353515625, 0.38250732421875, 0.0379638671875, 0.277496337890625, 0.048919677734375
0.077117919921875, 0.41668701171875, -0.242431640625, -0.041534423828125, 0.17822265625, 0.012908935546875
0.107269287109375, 0.49609375, -0.13946533203125, -0.04364013671875, 0.14593505859375, -0.012237548828125
0.086029052734375, 0.29119873046875, 0.0078125, -0.071075439453125, 0.11468505859375, -0.075439453125
0.053070068359375, -0.09869384765625, 0.044647216796875, -0.109832763671875, 0.10113525390625, -0.11090087890625
0.06317138671875, -0.105438232421875, 0.0438232421875, -0.12054443359375, 0.099151611328125, -0.1080322265625
0.047515869140625, -0.1497802734375, 0.0289306640625, -0.12359619140625, 0.094635009765625, -0.10223388671875
0.08502197265625, -0.1817626953125, 0.0072021484375, -0.104217529296875, 0.079559326171875, -0.08087158203125
0.09417724609375, -0.167449951171875, 0.037322998046875, -0.099884033203125, 0.076446533203125, -0.075958251953125
0.10003662109375, -0.172637939453125, 0.04119873046875, -0.08917236328125, 0.077545166015625, -0.06805419921875
0.138092041015625, -0.22198486328125, -0.114471435546875, -0.049530029296875, 0.07904052734375, -0.04205322265625
0.142822265625, -0.217681884765625, -0.168212890625, -0.0338134765625, 0.072662353515625, -0.03466796875
0.1558837890625, -0.19342041015625, -0.253143310546875, -0.020172119140625, 0.05120849609375, -0.022491455078125
0.1611328125, -0.11090087890625, -0.3951416015625, 0.000762939453125, -0.01422119140625, -0.009063720703125
0.149444580078125, -0.081573486328125, -0.45819091796875, -0.0048828125, -0.033172607421875, -0.0087890625
0.093231201171875, -0.03057861328125, -0.709991455078125, -0.02288818359375, -0.0828857421875, -0.00860595703125
-0.7891845703125, -0.134613037109375, -0.9998779296875, 0.0885009765625, -0.337371826171875, -0.033782958984375
-0.9998779296875, -0.478515625, -0.9998779296875, 0.181121826171875, -0.43780517578125, -0.064727783203125
-0.9998779296875, -0.9998779296875, -0.800445556640625, 0.360137939453125, -0.591217041015625, -0.10455322265625
-0.9998779296875, -0.9998779296875, 0.9998779296875, 0.349761962890625, -0.60528564453125, 0.012542724609375
-0.9998779296875, -0.9998779296875, 0.9998779296875, 0.23468017578125, -0.49908447265625, 0.1005859375
-0.45208740234375, -0.08880615234375, 0.9998779296875, -0.105560302734375, -0.148406982421875, 0.283843994140625
-0.228057861328125, 0.710296630859375, -0.132537841796875, -0.263031005859375, 0.155364990234375, -0.1077880859375
-0.2015380859375, -0.254730224609375, -0.06939697265625, -0.1171875, 0.082000732421875, -0.142120361328125
0.008941650390625, -0.63909912109375, -0.038177490234375, 0.0135498046875, 0.033660888671875, -0.087921142578125
0.055267333984375, -0.469451904296875, 0.093841552734375, 0.027587890625, 0.008026123046875, -0.007293701171875
0.05035400390625, -0.3912353515625, 0.087738037109375, 0.020782470703125, 0.007843017578125, 0.010345458984375
0.033477783203125, -0.264404296875, 0.06549072265625, 0.01263427734375, 0.006805419921875, 0.031494140625
0.047149658203125, -0.1217041015625, 0.084686279296875, -0.000762939453125, -0.0030517578125, 0.039215087890625
0.053192138671875, -0.11236572265625, 0.09539794921875, -0.003021240234375, -0.004669189453125, 0.037353515625
0.071441650390625, -0.087738037109375, 0.144287109375, -0.0185546875, -0.006927490234375, 0.03253173828125
0.090301513671875, -0.028961181640625, 0.202545166015625, -0.047088623046875, 0.00054931640625, 0.01416015625
0.087188720703125, -0.0335693359375, 0.206573486328125, -0.045867919921875, 0.003387451171875, 0.00189208984375
0.089508056640625, -0.07098388671875, 0.198272705078125, -0.029571533203125, 0.00555419921875, -0.0084228515625
0.064239501953125, -0.14727783203125, 0.154632568359375, -0.006378173828125, 0.003204345703125, -0.01837158203125
0.05975341796875, -0.1593017578125, 0.15618896484375, -0.00421142578125, 0.00140380859375, -0.0186767578125
0.06219482421875, -0.1790771484375, 0.16656494140625, -0.005462646484375, -0.000274658203125, -0.01849365234375
0.06158447265625, -0.21368408203125, 0.19427490234375, -0.015472412109375, 0.002044677734375, -0.011993408203125
0.061614990234375, -0.214263916015625, 0.202423095703125, -0.019012451171875, 0.003509521484375, -0.009613037109375
0.062530517578125, -0.20489501953125, 0.20904541015625, -0.024566650390625, 0.0072021484375, -0.004638671875
0.066314697265625, -0.156982421875, 0.2144775390625, -0.025482177734375, 0.012725830078125, 0.000396728515625
0.067718505859375, -0.151519775390625, 0.210693359375, -0.023895263671875, 0.0140380859375, 0.000091552734375
0.070404052734375, -0.1409912109375, 0.2039794921875, -0.020599365234375, 0.0164794921875, -0.000640869140625
0.065521240234375, -0.141510009765625, 0.17401123046875, -0.023712158203125, 0.01995849609375, -0.002227783203125
0.071319580078125, -0.15679931640625, 0.15008544921875, -0.025299072265625, 0.01617431640625, -0.00164794921875

-0.23626708984375, -0.9998779296875, -0.159942626953125, -0.173980712890625, -0.077606201171875, 0.077301025390625
-0.5899658203125, 0.021636962890625, 0.9998779296875, 0.003631591796875, -0.121246337890625, 0.30255126953125
-0.510711669921875, 0.78253173828125, 0.9998779296875, -0.006500244140625, -0.020263671875, 0.309844970703125
-0.4482421875, 0.9998779296875, 0.9998779296875, 0.066131591796875, 0.238677978515625, 0.230224609375
-0.4227294921875, 0.13104248046875, -0.754852294921875, 0.002288818359375, 0.390106201171875, 0.005828857421875
-0.17181396484375, 0.3973388671875, -0.9998779296875, -0.03173828125, 0.33392333984375, 0.01123046875
-0.003082275390625, 0.834075927734375, -0.652252197265625, -0.06500244140625, 0.166229248046875, -0.033203125
-0.001190185546875, 0.094818115234375, 0.01031494140625, -0.13458251953125, 0.083465576171875, -0.14776611328125
0.006683349609375, -0.038055419921875, -0.031829833984375, -0.093109130859375, 0.079498291015625, -0.12896728515625
0.056304931640625, -0.031646728515625, -0.1981201171875, -0.051849365234375, 0.068145751953125, -0.1119384765625
0.103759765625, -0.0909423828125, -0.312164306640625, -0.025238037109375, 0.0313720703125, -0.096923828125
0.134124755859375, -0.074615478515625, -0.195159912109375, -0.0382080078125, -0.012359619140625, -0.077911376953125
0.171966552734375, -0.061767578125, 0.015289306640625, -0.035614013671875, -0.033416748046875, -0.06390380859375
0.181396484375, -0.0511474609375, 0.01702880859375, -0.02593994140625, -0.032806396484375, -0.060760498046875
0.183685302734375, -0.038970947265625, -0.072662353515625, -0.0028076171875, -0.032806396484375, -0.05767822265625
0.130401611328125, -0.0118408203125, -0.133270263671875, 0.01318359375, -0.074737548828125, -0.0634765625
0.118621826171875, -0.00616455078125, -0.108551025390625, 0.0008544921875, -0.083984375, -0.066925048828125
0.09228515625, -0.03765869140625, -0.0889892578125, -0.000640869140625, -0.09918212890625, -0.074310302734375
-0.053314208984375, -0.0352783203125, -0.349273681640625, 0.05224609375, -0.13836669921875, -0.087890625
-0.155975341796875, -0.06768798828125, -0.504730224609375, 0.084381103515625, -0.160919189453125, -0.09576416015625
-0.55828857421875, -0.300689697265625, -0.943756103515625, 0.17578125, -0.2457275390625, -0.11962890625
-0.9998779296875, -0.9998779296875, -0.6396484375, 0.227447509765625, -0.498626708984375, -0.105072021484375
-0.9998779296875, -0.9998779296875, -0.297027587890625, 0.270294189453125, -0.5322265625, -0.05157470703125
-0.9998779296875, -0.9998779296875, 0.9998779296875, 0.175537109375, -0.533172607421875, 0.11578369140625
-0.510528564453125, 0.98828125, 0.9998779296875, -0.07843017578125, -0.06048583984375, 0.36798095703125
-0.211578369140625, 0.9998779296875, 0.9998779296875, -0.139190673828125, 0.06866455078125, 0.292633056640625
-0.12725830078125, 0.804351806640625, 0.2459716796875, -0.251495361328125, 0.194091796875, 0.05926513671875
0.024322509765625, -0.269561767578125, -0.329620361328125, -0.003326416015625, 0.0560302734375, -0.056396484375
0.071014404296875, -0.23822021484375, -0.072113037109375, 0.022186279296875, 0.025421142578125, -0.0479736328125
0.108917236328125, -0.30389404296875, 0.137481689453125, 0.03057861328125, 0.005950927734375, -0.0321044921875
0.108062744140625, -0.17218017578125, 0.066070556640625, -0.01861572265625, 0.041168212890625, 0.003814697265625
0.094818115234375, -0.121795654296875, 0.029998779296875, -0.019744873046875, 0.04315185546875, 0.007080078125
0.102996826171875, -0.085357666015625, -0.02008056640625, -0.020477294921875, 0.038665771484375, 0.00286865234375
0.1199951171875, -0.128692626953125, 0.035736083984375, -0.039886474609375, 0.0155029296875, -0.011993408203125
0.124847412109375, -0.139984130859375, 0.07000732421875, -0.04119873046875, 0.011871337890625, -0.013397216796875
0.12640380859375, -0.143951416015625, 0.11309814453125, -0.042236328125, 0.0103759765625, -0.014068603515625
0.114288330078125, -0.13714599609375, 0.084381103515625, -0.02740478515625, 0.008514404296875, -0.01898193359375
0.1136474609375, -0.140869140625, 0.076446533203125, -0.021881103515625, 0.005859375, -0.02044677734375
0.10321044921875, -0.16021728515625, 0.071197509765625, -0.0067138671875, -0.00030517578125, -0.02313232421875
0.097137451171875, -0.235443115234375, 0.097625732421875, -0.0052490234375, -0.008514404296875, -0.023193359375
0.0970458984375, -0.24658203125, 0.10504150390625, -0.009613037109375, -0.009368896484375, -0.020660400390625
0.102264404296875, -0.246490478515625, 0.123931884765625, -0.0185546875, -0.009857177734375, -0.013885498046875
0.10076904296875, -0.190338134765625, 0.155517578125, -0.021331787109375, -0.00787353515625, -0.0010986328125
0.100494384765625, -0.170013427734375, 0.1614990234375, -0.01904296875, -0.00726318359375, -0.000244140625
0.097564697265625, -0.153411865234375, 0.168243408203125, -0.01080322265625, -0.00616455078125, -0.002044677734375
0.08355712890625, -0.2149658203125, 0.149566650390625, 0.00726318359375, -0.000732421875, -0.00811767578125
0.079315185546875, -0.222442626953125, 0.145751953125, 0.00506591796875, 0, -0.006744384765625
0.0772705078125, -0.225006103515625, 0.1435546875, -0.001312255859375, 0.001434326171875, -0.00299072265625
0.079376220703125, -0.201690673828125, 0.13897705078125, -0.009857177734375, 0.00323486328125, 0.003662109375
0.0821533203125, -0.193359375, 0.135223388671875, -0.0113525390625, 0.003326416015625, 0.00494384765625

-0.267608642578125, -0.734954833984375, 0.420654296875, -0.0457763671875, -0.094482421875, 0.12286376953125
-0.21142578125, 0.4638671875, 0.9998779296875, -0.07421875, -0.00396728515625, 0.222259521484375
-0.1785888671875, 0.996856689453125, 0.9998779296875, -0.06500244140625, 0.0836181640625, 0.20458984375
-0.2591552734375, 0.9998779296875, 0.9998779296875, 0.01885986328125, 0.253143310546875, 0.08148193359375
-0.910888671875, -0.360992431640625, -0.169342041015625, -0.026123046875, 0.40618896484375, -0.15771484375
-0.548797607421875, -0.3489990234375, -0.5823974609375, -0.034759521484375, 0.39141845703125, -0.12506103515625
-0.1624755859375, -0.104339599609375, -0.9461669921875, -0.021484375, 0.287261962890625, -0.06878662109375
0.05535888671875, 0.353363037109375, -0.100494384765625, -0.14398193359375, 0.089263916015625, -0.083587646484375
0.02899169921875, 0.30975341796875, -0.178192138671875, -0.119537353515625, 0.090484619140625, -0.10302734375
0.020782470703125, 0.081085205078125, -0.40289306640625, -0.06280517578125, 0.073974609375, -0.134490966796875
0.032257080078125, -0.15997314453125, -0.4136962890625, -0.040924072265625, -0.005706787109375, -0.130615234375
0.046783447265625, -0.154327392578125, -0.330169677734375, -0.055877685546875, -0.02679443359375, -0.124053955078125
0.064422607421875, -0.11700439453125, -0.207763671875, -0.0531005859375, -0.0567626953125, -0.1126708984375
0.04443359375, -0.202117919921875, -0.19677734375, -0.00531005859375, -0.092193603515625, -0.1058349609375
0.03387451171875, -0.2232666015625, -0.1829833984375, -0.006927490234375, -0.102081298828125, -0.103240966796875
0.01348876953125, -0.221038818359375, -0.152801513671875, -0.0084228515625, -0.122039794921875, -0.093719482421875
-0.159912109375, -0.151702880859375, -0.22369384765625, 0.017303466796875, -0.179443359375, -0.080413818359375
-0.21337890625, -0.1590576171875, -0.278350830078125, 0.024139404296875, -0.196807861328125, -0.0799560546875
-0.426513671875, -0.16033935546875, -0.4520263671875, 0.060943603515625, -0.246368408203125, -0.080657958984375
-0.9998779296875, -0.503509521484375, -0.66058349609375, 0.161834716796875, -0.39874267578125, -0.1220703125
-0.9998779296875, -0.9998779296875, -0.487518310546875, 0.161773681640625, -0.462249755859375, -0.091094970703125
-0.9998779296875, -0.9998779296875, 0.8804931640625, 0.086181640625, -0.465423583984375, 0.074615478515625
-0.80908203125, -0.0394287109375, 0.9998779296875, 0.022308349609375, -0.202301025390625, 0.3336181640625
-0.507965087890625, 0.79840087890625, 0.9998779296875, -0.044281005859375, -0.055938720703125, 0.322113037109375
-0.24505615234375, 0.853515625, 0.51312255859375, -0.19073486328125, 0.169464111328125, 0.159515380859375
0.04461669921875, -0.184234619140625, -0.635101318359375, -0.134735107421875, 0.1090087890625, -0.024871826171875
0.064056396484375, -0.169525146484375, -0.500579833984375, -0.05633544921875, 0.04803466796875, -0.0240478515625
0.0826416015625, -0.216094970703125, -0.1160888671875, 0.040283203125, -0.0333251953125, -0.02117919921875
0.09393310546875, -0.177490234375, 0.236785888671875, -0.007293701171875, -0.020721435546875, -0.002105712890625
0.08856201171875, -0.161041259765625, 0.221038818359375, -0.022369384765625, -0.006591796875, -0.002044677734375
0.085113525390625, -0.175750732421875, 0.14959716796875, -0.04583740234375, 0.015106201171875, -0.0048828125
0.079010009765625, -0.18994140625, 0.06524658203125, -0.057830810546875, 0.0216064453125, -0.003631591796875
0.091705322265625, -0.18682861328125, 0.069732666015625, -0.058746337890625, 0.018096923828125, -0.002166748046875
0.08660888671875, -0.168304443359375, 0.0931396484375, -0.056427001953125, 0.010467529296875, 0.000244140625
0.084228515625, -0.137786865234375, 0.18426513671875, -0.048828125, 0.004180908203125, -0.0023193359375
0.08135986328125, -0.14599609375, 0.182464599609375, -0.041748046875, 0.00567626953125, -0.003936767578125
0.07659912109375, -0.14984130859375, 0.168914794921875, -0.0330810546875, 0.0081787109375, -0.0064697265625
0.0745849609375, -0.17578125, 0.1348876953125, -0.018798828125, 0.0067138671875, -0.0087890625
0.0740966796875, -0.184539794921875, 0.123443603515625, -0.017181396484375, 0.005645751953125, -0.008544921875
0.078399658203125, -0.177032470703125, 0.189788818359375, -0.032867431640625, 0.002349853515625, 0.0029296875
0.07830810546875, -0.160736083984375, 0.198272705078125, -0.034271240234375, 0.003631591796875, 0.0047607421875
0.073089599609375, -0.14080810546875, 0.1978759765625, -0.034698486328125, 0.00762939453125, 0.0050048828125
0.072235107421875, -0.11663818359375, 0.1531982421875, -0.038330078125, 0.0118408203125, 0.001190185546875
0.081817626953125, -0.119293212890625, 0.144012451171875, -0.03668212890625, 0.010162353515625, -0.000640869140625
0.075897216796875, -0.11407470703125, 0.1612548828125, -0.037841796875, 0.005401611328125, -0.003875732421875
0.0780029296875, -0.157928466796875, 0.187835693359375, -0.025238037109375, 0.002044677734375, -0.006317138671875
0.080047607421875, -0.16265869140625, 0.185333251953125, -0.02374267578125, 0.00244140625, -0.004638671875
0.084625244140625, -0.1466064453125, 0.19091796875, -0.024658203125, 0.002960205078125, -0.0006103515625
0.092315673828125, -0.094879150390625, 0.186065673828125, -0.0296630859375, 0.008331298828125, 0.0020751953125
0.09857177734375, -0.07171630859375, 0.1778564453125, -0.0299072265625, 0.008758544921875, 0.0009765625

-0.005615234375, 0.827117919921875, 0.9998779296875, -0.39886474609375, 0.038848876953125, 0.11962890625
-0.0399169921875, 0.9998779296875, 0.9998779296875, -0.34002685546875, 0.099395751953125, 0.082763671875
-0.46405029296875, 0.3765869140625, 0.9998779296875, -0.042266845703125, 0.222198486328125, -0.01336669921875
-0.283721923828125, 0.9998779296875, -0.019378662109375, 0.287322998046875, 0.294189453125, 0.0738525390625
-0.103515625, 0.9998779296875, -0.514617919921875, 0.246337890625, 0.285736083984375, 0.01788330078125
-0.062591552734375, 0.9998779296875, -0.9998779296875, 0.106964111328125, 0.21044921875, -0.1378173828125
-0.31689453125, -0.238800048828125, 0.37298583984375, -0.172210693359375, 0.0416259765625, -0.302154541015625
-0.223297119140625, -0.364532470703125, 0.411773681640625, -0.12591552734375, 0.04754638671875, -0.278228759765625
-0.137054443359375, -0.364959716796875, -0.07269287109375, 0.001739501953125, 0.081634521484375, -0.201263427734375
0.111724853515625, -0.4068603515625, -0.297332763671875, -0.036376953125, 0.019317626953125, -0.089691162109375
0.124603271484375, -0.326080322265625, -0.236083984375, -0.049224853515625, 0.004302978515625, -0.070648193359375
0.132476806640625, -0.197662353515625, -0.081298828125, -0.036773681640625, -0.01873779296875, -0.04705810546875
0.157745361328125, -0.114593505859375, 0.0777587890625, -0.00897216796875, -0.016357421875, -0.037384033203125
0.167877197265625, -0.13714599609375, 0.0584716796875, -0.0081787109375, -0.011138916015625, -0.0372314453125
0.176849365234375, -0.166656494140625, -0.003509521484375, -0.005889892578125, -0.005615234375, -0.033966064453125
0.178009033203125, -0.162353515625, -0.1005859375, 0.00775146484375, -0.018218994140625, -0.020233154296875
0.17547607421875, -0.139617919921875, -0.132965087890625, 0.010040283203125, -0.024688720703125, -0.017303466796875
0.1607666015625, -0.063385009765625, -0.167144775390625, 0.0169677734375, -0.043365478515625, -0.01580810546875
0.11920166015625, 0.05267333984375, -0.212554931640625, 0.015533447265625, -0.080535888671875, -0.03564453125
0.09100341796875, 0.079864501953125, -0.252532958984375, 0.013397216796875, -0.090972900390625, -0.04425048828125
-0.017547607421875, 0.089385986328125, -0.371246337890625, 0.035919189453125, -0.122528076171875, -0.0675048828125
-0.579498291015625, -0.114349365234375, -0.771759033203125, 0.1219482421875, -0.25299072265625, -0.153839111328125
-0.995635986328125, -0.615936279296875, -0.904327392578125, 0.12451171875, -0.3499755859375, -0.16485595703125
-0.9998779296875, -0.9998779296875, -0.80181884765625, 0.0941162109375, -0.458831787109375, -0.13018798828125
-0.9998779296875, -0.9998779296875, 0.9998779296875, 0.072174072265625, -0.528106689453125, 0.17626953125
-0.9998779296875, -0.9998779296875, 0.9998779296875, 0.02166748046875, -0.437957763671875, 0.298797607421875
-0.83782958984375, 0.973785400390625, 0.9998779296875, -0.09326171875, -0.143402099609375, 0.403717041015625
-0.169769287109375, 0.46142578125, 0.06719970703125, -0.27587890625, 0.160186767578125, -0.05523681640625
-0.052093505859375, -0.514434814453125, 0.064910888671875, -0.21142578125, 0.11309814453125, -0.122161865234375
0.0711669921875, -0.339263916015625, 0.069610595703125, -0.015350341796875, 0.060760498046875, 0.01068115234375
0.080963134765625, -0.264129638671875, 0.023040771484375, 0.004547119140625, 0.05584716796875, 0.026947021484375
0.085693359375, -0.133697509765625, -0.05279541015625, 0.018798828125, 0.04107666015625, 0.04461669921875
0.09613037109375, 0.006744384765625, 0.036865234375, -0.031005859375, 0.002349853515625, 0.022186279296875
0.1033935546875, -0.006011962890625, 0.065765380859375, -0.046112060546875, -0.004302978515625, 0.00823974609375
0.115814208984375, -0.05340576171875, 0.150299072265625, -0.0545654296875, -0.007781982421875, 0.0001220703125
0.12677001953125, -0.061187744140625, 0.216583251953125, -0.058685302734375, -0.005157470703125, -0.003753662109375
0.125396728515625, -0.0599365234375, 0.22442626953125, -0.057342529296875, -0.00274658203125, -0.004852294921875
0.12579345703125, -0.06982421875, 0.2080078125, -0.04638671875, 0.00189208984375, -0.0074462890625
0.116485595703125, -0.08453369140625, 0.164703369140625, -0.018402099609375, 0.000274658203125, -0.009063720703125
0.11474609375, -0.08990478515625, 0.15777587890625, -0.012451171875, -0.00140380859375, -0.010589599609375
0.114349365234375, -0.114044189453125, 0.154693603515625, -0.0045166015625, -0.0078125, -0.011199951171875
0.110992431640625, -0.142364501953125, 0.183258056640625, -0.006591796875, -0.011505126953125, -0.008636474609375
0.112396240234375, -0.144683837890625, 0.18878173828125, -0.01263427734375, -0.0108642578125, -0.0037841796875
0.10772705078125, -0.107269287109375, 0.21649169921875, -0.018524169921875, -0.0081787109375, 0.001068115234375
0.1058349609375, -0.0709228515625, 0.233795166015625, -0.015899658203125, -0.00439453125, -0.000518798828125
0.10528564453125, -0.07080078125, 0.230926513671875, -0.0142822265625, -0.0020751953125, -0.001983642578125
0.10009765625, -0.085296630859375, 0.1937255859375, -0.00909423828125, 0.001861572265625, -0.006439208984375
0.09039306640625, -0.094482421875, 0.195831298828125, -0.011627197265625, 0.000030517578125, -0.008331298828125
0.09283447265625, -0.094879150390625, 0.200042724609375, -0.013702392578125, -0.0001220703125, -0.00860595703125
0.092620849609375, -0.0985107421875, 0.220703125, -0.022613525390625, 0.00079345703125, -0.0098876953125

-0.042999267578125, -0.5955810546875, -0.9998779296875, 0.05914306640625, -0.062652587890625, -0.0655517578125
-0.9998779296875, -0.9998779296875, -0.273712158203125, 0.189361572265625, -0.41943359375, 0.132354736328125
-0.9998779296875, -0.9998779296875, 0.46240234375, 0.19415283203125, -0.470367431640625, 0.222869873046875
-0.9998779296875, -0.9998779296875, 0.9998779296875, 0.193206787109375, -0.46185302734375, 0.3729248046875
-0.386993408203125, 0.9998779296875, 0.9998779296875, 0.121429443359375, 0.085418701171875, 0.37542724609375
-0.316314697265625, 0.9998779296875, 0.9998779296875, 0.0711669921875, 0.21148681640625, 0.149658203125
-0.3402099609375, -0.30828857421875, -0.59893798828125, -0.1524658203125, 0.30810546875, -0.011260986328125
0.082183837890625, -0.150970458984375, -0.063385009765625, -0.078857421875, 0.0423583984375, 0.05609130859375
0.10321044921875, 0.04248046875, 0.31427001953125, -0.048980712890625, 0.018280029296875, 0.061676025390625
0.15618896484375, 0.35614013671875, 0.55401611328125, -0.0277099609375, 0.081817626953125, 0.04168701171875
0.108306884765625, 0.292755126953125, -0.199127197265625, -0.0535888671875, 0.145050048828125, -0.013580322265625
0.12701416015625, 0.22314453125, -0.30731201171875, -0.086181640625, 0.132415771484375, -0.033905029296875
0.105377197265625, 0.033782958984375, -0.23126220703125, -0.107635498046875, 0.08453369140625, -0.06103515625
0.1556396484375, -0.091766357421875, 0.1536865234375, -0.180938720703125, 0.05352783203125, -0.052978515625
0.162353515625, -0.061126708984375, 0.166015625, -0.18707275390625, 0.0611572265625, -0.04632568359375
0.161834716796875, 0.002593994140625, 0.127838134765625, -0.18060302734375, 0.07623291015625, -0.041839599609375
0.15264892578125, 0.087158203125, -0.15533447265625, -0.128875732421875, 0.077484130859375, -0.06488037109375
0.13519287109375, 0.071746826171875, -0.2034912109375, -0.1142578125, 0.05731201171875, -0.077850341796875
0.1207275390625, 0.05938720703125, -0.351165771484375, -0.064422607421875, 0.025238037109375, -0.086090087890625
0.054473876953125, 0.056732177734375, -0.488250732421875, -0.018768310546875, -0.04449462890625, -0.106597900390625
0.00775146484375, 0.02545166015625, -0.556365966796875, 0.003173828125, -0.072357177734375, -0.117523193359375
-0.13763427734375, -0.113494873046875, -0.739471435546875, 0.0311279296875, -0.138946533203125, -0.13934326171875
-0.90386962890625, -0.856048583984375, -0.9998779296875, 0.21282958984375, -0.4456787109375, -0.099334716796875
-0.9998779296875, -0.99810791015625, -0.9998779296875, 0.27825927734375, -0.524658203125, -0.1031494140625
-0.9998779296875, -0.9998779296875, 0.231048583984375, 0.327911376953125, -0.655609130859375, -0.105743408203125
-0.9998779296875, -0.9998779296875, 0.9998779296875, 0.171661376953125, -0.567962646484375, 0.0350341796875
-0.9998779296875, -0.9998779296875, 0.9998779296875, 0.070343017578125, -0.443450927734375, 0.177398681640625
-0.701446533203125, 0.342529296875, 0.9998779296875, -0.094482421875, -0.093658447265625, 0.359283447265625
-0.134368896484375, -0.013336181640625, -0.136016845703125, -0.270172119140625, 0.164581298828125, -0.090087890625
-0.062042236328125, -0.3170166015625, -0.19439697265625, -0.19976806640625, 0.1285400390625, -0.1124267578125
0.032928466796875, -0.49200439453125, -0.18878173828125, -0.03253173828125, 0.05694580078125, -0.081024169921875
0.083984375, -0.34869384765625, 0.061309814453125, 0.0242919921875, -0.005218505859375, 0.00262451171875
0.07562255859375, -0.285675048828125, 0.083343505859375, 0.01873779296875, -0.0059814453125, 0.013702392578125
0.058868408203125, -0.18798828125, 0.10357666015625, 0.02655029296875, -0.003570556640625, 0.026763916015625
0.0802001953125, -0.08294677734375, 0.0836181640625, 0.001739501953125, 0.0050048828125, 0.019927978515625
0.0869140625, -0.086669921875, 0.09185791015625, -0.008453369140625, 0.006103515625, 0.014984130859375
0.09625244140625, -0.09527587890625, 0.10479736328125, -0.02862548828125, 0.00909423828125, 0.006866455078125
0.095794677734375, -0.09814453125, 0.132354736328125, -0.04644775390625, 0.01080322265625, -0.008209228515625
0.098388671875, -0.10028076171875, 0.1304931640625, -0.04400634765625, 0.010009765625, -0.0111083984375
0.089935302734375, -0.117034912109375, 0.106231689453125, -0.02728271484375, 0.006439208984375, -0.0157470703125
0.069366455078125, -0.155120849609375, 0.118377685546875, -0.012969970703125, -0.005126953125, -0.023284912109375
0.064666748046875, -0.165252685546875, 0.125579833984375, -0.011474609375, -0.007232666015625, -0.024444580078125
0.0576171875, -0.1917724609375, 0.14862060546875, -0.01416015625, -0.0093994140625, -0.0260009765625
0.060577392578125, -0.240386962890625, 0.1904296875, -0.030609130859375, -0.0059814453125, -0.01983642578125
0.060394287109375, -0.234954833984375, 0.202880859375, -0.03387451171875, -0.00421142578125, -0.01629638671875
0.059234619140625, -0.21014404296875, 0.21478271484375, -0.03326416015625, -0.000091552734375, -0.009124755859375
0.052276611328125, -0.150421142578125, 0.222198486328125, -0.032989501953125, 0.0078125, -0.004486083984375
0.048431396484375, -0.141143798828125, 0.219390869140625, -0.0328369140625, 0.010040283203125, -0.0052490234375
0.048675537109375, -0.132110595703125, 0.20428466796875, -0.033172607421875, 0.013519287109375, -0.00836181640625
0.0477294921875, -0.173919677734375, 0.18988037109375, -0.02435302734375, 0.01800537109375, -0.012725830078125

-0.5377197265625, -0.9998779296875, 0.28662109375, 0.0716552734375, -0.08514404296875, 0.203582763671875
-0.8472900390625, -0.9998779296875, 0.628875732421875, 0.089874267578125, -0.0980224609375, 0.27880859375
-0.9998779296875, -0.2193603515625, 0.9998779296875, 0.119232177734375, -0.0748291015625, 0.390045166015625
-0.668701171875, 0.9998779296875, 0.9998779296875, 0.122344970703125, 0.351806640625, 0.193511962890625
-0.866058349609375, 0.9998779296875, 0.576171875, 0.09417724609375, 0.40966796875, 0.0079345703125
-0.18218994140625, 0.407928466796875, -0.9998779296875, 0.1302490234375, 0.326568603515625, -0.00921630859375
0.0966796875, 0.335296630859375, -0.43096923828125, -0.00714111328125, 0.078033447265625, -0.06640625
0.1134033203125, 0.144195556640625, 0.00286865234375, -0.078155517578125, 0.04022216796875, -0.091796875
0.086517333984375, -0.1221923828125, 0.375701904296875, -0.162506103515625, 0.052490234375, -0.1041259765625
0.111663818359375, -0.2591552734375, -0.107513427734375, -0.095977783203125, 0.1041259765625, -0.04754638671875
0.11773681640625, -0.237030029296875, -0.2283935546875, -0.073394775390625, 0.0938720703125, -0.0308837890625
0.172271728515625, -0.0831298828125, -0.226806640625, -0.088623046875, 0.055999755859375, -0.00750732421875
0.193450927734375, 0.115203857421875, -0.017608642578125, -0.104156494140625, 0.0303955078125, -0.027618408203125
0.196990966796875, 0.081787109375, -0.030029296875, -0.10174560546875, 0.0311279296875, -0.033660888671875
0.200408935546875, 0.055419921875, -0.09124755859375, -0.098358154296875, 0.028961181640625, -0.038970947265625
0.192657470703125, 0.22613525390625, -0.12127685546875, -0.10943603515625, 0.0067138671875, -0.05682373046875
0.174041748046875, 0.238189697265625, -0.14361572265625, -0.09930419921875, -0.0003662109375, -0.068328857421875
0.133270263671875, 0.169158935546875, -0.188568115234375, -0.062225341796875, -0.018951416015625, -0.092071533203125
0.06256103515625, -0.0355224609375, -0.304534912109375, -0.02740478515625, -0.063995361328125, -0.11614990234375
0.032501220703125, -0.086700439453125, -0.35894775390625, -0.02716064453125, -0.07940673828125, -0.1156005859375
-0.0286865234375, -0.19915771484375, -0.514190673828125, -0.022705078125, -0.121795654296875, -0.106658935546875
-0.474212646484375, -0.67291259765625, -0.63494873046875, 0.07562255859375, -0.31988525390625, -0.03369140625
-0.878326416015625, -0.9998779296875, -0.5091552734375, 0.10552978515625, -0.41522216796875, 0.049072265625
-0.9998779296875, -0.9998779296875, 0.403900146484375, 0.2286376953125, -0.48974609375, 0.15386962890625
-0.9998779296875, -0.996368408203125, 0.9998779296875, 0.26116943359375, -0.4324951171875, 0.280517578125
-0.975341796875, -0.545867919921875, 0.9998779296875, 0.238128662109375, -0.335845947265625, 0.292449951171875
-0.154541015625, 0.786102294921875, 0.9998779296875, 0.10577392578125, -0.092620849609375, 0.250823974609375
-0.2081298828125, 0.014007568359375, 0.238067626953125, -0.224090576171875, 0.149566650390625, -0.07568359375
-0.179931640625, -0.49700927734375, 0.287017822265625, -0.23809814453125, 0.135589599609375, -0.10833740234375
-0.068511962890625, -0.806182861328125, 0.204620361328125, -0.129791259765625, 0.115020751953125, -0.066741943359375
0.042510986328125, -0.186004638671875, -0.020843505859375, -0.057708740234375, 0.084808349609375, 0.052093505859375
0.06707763671875, -0.007354736328125, -0.010650634765625, -0.082061767578125, 0.07745361328125, 0.057037353515625
0.1011962890625, 0.25830078125, -0.010284423828125, -0.12396240234375, 0.065765380859375, 0.037139892578125
0.09100341796875, 0.107086181640625, 0.034698486328125, -0.093902587890625, 0.01885986328125, -0.049530029296875
0.09503173828125, -0.060302734375, 0.106903076171875, -0.060699462890625, 0.00909423828125, -0.051666259765625
0.11590576171875, -0.16131591796875, 0.19366455078125, -0.041290283203125, 0.000823974609375, -0.0399169921875
0.121429443359375, -0.1240234375, 0.2132568359375, -0.035736083984375, 0.005523681640625, -0.016845703125
0.1221923828125, -0.090728759765625, 0.21124267578125, -0.034698486328125, 0.00732421875, -0.01129150390625
0.115814208984375, -0.041259765625, 0.195831298828125, -0.03033447265625, 0.00909423828125, -0.0059814453125
0.109588623046875, -0.022613525390625, 0.151031494140625, -0.010009765625, -0.0001220703125, -0.00830078125
0.1063232421875, -0.02349853515625, 0.161376953125, -0.00543212890625, -0.0081787109375, -0.01177978515625
0.100128173828125, -0.052215576171875, 0.21343994140625, -0.004241943359375, -0.012420654296875, -0.01470947265625
0.104766845703125, -0.085845947265625, 0.259368896484375, -0.014068603515625, -0.0098876953125, -0.013946533203125
0.108062744140625, -0.097747802734375, 0.264739990234375, -0.018341064453125, -0.00714111328125, -0.010162353515625
0.11151123046875, -0.07745361328125, 0.26171875, -0.02264404296875, 0.002655029296875, -0.004638671875
0.11138916015625, -0.045654296875, 0.202362060546875, -0.011932373046875, 0.01025390625, -0.000152587890625
0.1138916015625, -0.044952392578125, 0.17742919921875, -0.008636474609375, 0.01019287109375, 0.000335693359375
0.110687255859375, -0.04150390625, 0.15203857421875, -0.00177001953125, 0.005462646484375, 0.001373291015625
0.103668212890625, -0.024810791015625, 0.2120361328125, -0.007537841796875, -0.00323486328125, -0.001251220703125
0.108795166015625, -0.033905029296875, 0.217926025390625, -0.005584716796875, -0.00311279296875, -0.00213623046875

-0.161224365234375, -0.704254150390625, 0.48291015625, -0.03167724609375, -0.07366943359375, 0.137908935546875
-0.46380615234375, -0.3599853515625, 0.9998779296875, 0.04229736328125, -0.040863037109375, 0.227142333984375
-0.5704345703125, 0.43341064453125, 0.9998779296875, 0.105133056640625, 0.09503173828125, 0.284423828125
-0.6280517578125, 0.6806640625, 0.9998779296875, 0.110260009765625, 0.159820556640625, 0.27838134765625
-0.58282470703125, 0.9998779296875, 0.9998779296875, 0.065032958984375, 0.272735595703125, 0.222747802734375
-0.673797607421875, 0.99945068359375, -0.512237548828125, 0.0281982421875, 0.429107666015625, -0.0035400390625
-0.350006103515625, 0.9998779296875, -0.99432373046875, 0.040008544921875, 0.39031982421875, -0.043914794921875
-0.159820556640625, 0.924346923828125, -0.9998779296875, 0.14990234375, 0.25445556640625, -0.10699462890625
-0.16058349609375, -0.011566162109375, -0.3646240234375, -0.130584716796875, 0.00811767578125, -0.204071044921875
-0.11822509765625, -0.118408203125, -0.03338623046875, -0.184173583984375, -0.028533935546875, -0.202667236328125
-0.007354736328125, -0.200531005859375, 0.445556640625, -0.150421142578125, -0.02899169921875, -0.170135498046875
0.055938720703125, -0.016143798828125, -0.025421142578125, -0.059112548828125, 0.05145263671875, -0.11614990234375
0.0482177734375, -0.062530517578125, -0.101959228515625, -0.040130615234375, 0.047393798828125, -0.12017822265625
0.069305419921875, -0.237152099609375, -0.137451171875, -0.039031982421875, 0.02459716796875, -0.117462158203125
0.134124755859375, -0.286041259765625, -0.08441162109375, -0.061676025390625, 0.002532958984375, -0.090850830078125
0.1568603515625, -0.253326416015625, -0.087188720703125, -0.042633056640625, -0.008941650390625, -0.06439208984375
0.08837890625, -0.034576416015625, -0.325531005859375, 0.01861572265625, -0.065582275390625, -0.04486083984375
0.051788330078125, -0.018035888671875, -0.407257080078125, 0.016204833984375, -0.10772705078125, -0.056396484375
-0.235687255859375, -0.179534912109375, -0.788299560546875, -0.0113525390625, -0.183624267578125, -0.0743408203125
-0.915496826171875, -0.9998779296875, -0.814361572265625, 0.093109130859375, -0.366912841796875, -0.057708740234375
-0.9998779296875, -0.9998779296875, -0.60980224609375, 0.13726806640625, -0.423736572265625, -0.02252197265625
-0.9998779296875, -0.9998779296875, 0.9998779296875, 0.219940185546875, -0.521392822265625, 0.12835693359375
-0.45306396484375, -0.264373779296875, 0.9998779296875, 0.20953369140625, -0.275848388671875, 0.22015380859375
-0.058074951171875, 0.902313232421875, 0.9998779296875, 0.052642822265625, 0.0174560546875, 0.105743408203125
-0.2703857421875, 0.530548095703125, 0.274871826171875, -0.211090087890625, 0.21429443359375, 0.013671875
-0.01788330078125, -0.729522705078125, -0.326568603515625, -0.114959716796875, 0.116973876953125, -0.055694580078125
0.033599853515625, -0.616058349609375, -0.28033447265625, -0.0382080078125, 0.07550048828125, -0.020538330078125
0.063201904296875, -0.337554931640625, -0.09197998046875, 0.0010986328125, 0.021270751953125, 0.025726318359375
0.066802978515625, -0.04083251953125, 0.051025390625, 0.004150390625, -0.00439453125, 0.0311279296875
0.07684326171875, -0.0380859375, 0.05780029296875, -0.00531005859375, -0.0052490234375, 0.0238037109375
0.085357666015625, -0.05230712890625, 0.080535888671875, -0.028778076171875, -0.00640869140625, 0.009979248046875
0.09674072265625, -0.119598388671875, 0.1571044921875, -0.048248291015625, -0.007171630859375, -0.0025634765625
0.108154296875, -0.125, 0.173980712890625, -0.042633056640625, -0.005889892578125, -0.002166748046875
0.104766845703125, -0.085784912109375, 0.22906494140625, -0.042755126953125, -0.0029296875, -0.004058837890625
0.094940185546875, -0.1314697265625, 0.225982666015625, -0.009552001953125, 0.006439208984375, -0.009552001953125
0.092529296875, -0.14898681640625, 0.214996337890625, -0.002471923828125, 0.00775146484375, -0.009490966796875
0.07647705078125, -0.16668701171875, 0.18499755859375, 0.000152587890625, 0.009918212890625, -0.00848388671875
0.0565185546875, -0.189239501953125, 0.134033203125, 0.00030517578125, 0.0081787109375, -0.002899169921875
0.083709716796875, -0.192291259765625, 0.13238525390625, -0.004241943359375, 0.005950927734375, -0.00146484375
0.00885009765625, -0.197601318359375, 0.131744384765625, -0.008056640625, 0.000885009765625, 0.001953125
0.09100341796875, -0.1719970703125, 0.168731689453125, -0.002227783203125, -0.008575439453125, 0.013641357421875
0.087005615234375, -0.14239501953125, 0.171356201171875, 0.0028076171875, -0.008514404296875, 0.01715087890625
0.0921630859375, -0.077911376953125, 0.16729736328125, 0.011474609375, -0.010406494140625, 0.016571044921875
0.0445556640625, -0.124114990234375, 0.248687744140625, 0.015869140625, -0.004302978515625, 0.001190185546875
0.048126220703125, -0.12451171875, 0.218658447265625, 0.023406982421875, 0.00189208984375, 0.001861572265625
0.013519287109375, -0.092010498046875, 0.117462158203125, 0.03955078125, 0.006500244140625, -0.00421142578125
0.084564208984375, -0.120147705078125, 0.19110107421875, 0.001007080078125, -0.0029296875, -0.0194091796875
0.094696044921875, -0.14593505859375, 0.202423095703125, 0.011322021484375, -0.00311279296875, -0.02081298828125
0.103729248046875, -0.1995849609375, 0.195953369140625, 0.00836181640625, 0.00146484375, -0.021209716796875
0.1036376953125, -0.209320068359375, 0.18133544921875, -0.00677490234375, 0.009124755859375, -0.003662109375

-0.116729736328125, 0.181854248046875, 0.9998779296875, 0.005126953125, 0.067474365234375, 0.1773681640625
-0.418914794921875, 0.791473388671875, 0.9998779296875, 0.00244140625, 0.20458984375, 0.13775634765625
-0.373382568359375, 0.86016845703125, -0.9998779296875, -0.034576416015625, 0.337188720703125, -0.040435791015625
-0.05389404296875, 0.73333740234375, -0.9998779296875, -0.087646484375, 0.25299072265625, -0.14013671875
-0.02398681640625, -0.0091552734375, 0.556549072265625, -0.198516845703125, 0.08294677734375, -0.186248779296875
-0.09564208984375, -0.008026123046875, -0.304656982421875, -0.069610595703125, 0.12945556640625, -0.166717529296875
-0.076568603515625, -0.158416748046875, -0.512725830078125, -0.0260009765625, 0.110626220703125, -0.166839599609375
0.018585205078125, -0.385040283203125, -0.594482421875, 0.007476806640625, 0.05072021484375, -0.14404296875
0.078399658203125, -0.282806396484375, -0.1949462890625, -0.051788330078125, -0.04144287109375, -0.082733154296875
0.08502197265625, -0.284423828125, -0.122772216796875, -0.04217529296875, -0.0501708984375, -0.072265625
0.110809326171875, -0.209014892578125, -0.0164794921875, -0.022796630859375, -0.059722900390625, -0.05267333984375
0.11590576171875, -0.0899658203125, 0.044464111328125, -0.0087890625, -0.060150146484375, -0.03961181640625
0.111663818359375, -0.06866455078125, 0.027618408203125, -0.0064697265625, -0.058319091796875, -0.040252685546875
0.111724853515625, -0.0660400390625, -0.05401611328125, -0.002777099609375, -0.057586669921875, -0.045196533203125
0.04888916015625, -0.05780029296875, -0.35491943359375, 0.00390625, -0.09735107421875, -0.05523681640625
-0.007232666015625, -0.032867431640625, -0.4652099609375, 0.008544921875, -0.11932373046875, -0.05975341796875
-0.222930908203125, -0.0616455078125, -0.82147216796875, 0.020599365234375, -0.185791015625, -0.076385498046875
-0.9998779296875, -0.9998779296875, -0.622467041015625, 0.21893310546875, -0.5086669921875, -0.117645263671875
-0.9998779296875, -0.9998779296875, -0.238189697265625, 0.20806884765625, -0.544708251953125, -0.105224609375
-0.9998779296875, -0.9998779296875, 0.79840087890625, 0.1700439453125, -0.545654296875, -0.018951416015625
-0.422515869140625, 0.61968994140625, 0.9998779296875, -0.02459716796875, -0.13671875, 0.293670654296875
-0.1773681640625, 0.9998779296875, 0.9998779296875, -0.058441162109375, 0.0064697265625, 0.245574951171875
-0.263702392578125, -0.00970458984375, 0.120361328125, -0.227020263671875, 0.199310302734375, -0.041290283203125
-0.08843994140625, -0.765380859375, -0.270172119140625, -0.104827880859375, 0.12872314453125, -0.046142578125
-0.03460693359375, -0.713653564453125, -0.231414794921875, -0.039398193359375, 0.063812255859375, 0.01824951171875
0.003875732421875, -0.4295654296875, -0.1070556640625, -0.01708984375, 0.027557373046875, 0.06219482421875
0.012908935546875, 0.01690673828125, 0.0882568359375, -0.01416015625, -0.007659912109375, 0.08087158203125
0.030914306640625, 0.06988525390625, 0.12103271484375, -0.01300048828125, -0.008331298828125, 0.07073974609375
0.069976806640625, 0.05169677734375, 0.15118408203125, -0.020599365234375, -0.004058837890625, 0.0428466796875
0.089263916015625, -0.073150634765625, 0.154205322265625, -0.05792236328125, 0.007843017578125, 0.0093994140625
0.09613037109375, -0.0938720703125, 0.15313720703125, -0.067596435546875, 0.009368896484375, 0.006591796875
0.100128173828125, -0.10693359375, 0.179046630859375, -0.0777587890625, 0.011199951171875, 0.00457763671875
0.1119384765625, -0.079742431640625, 0.23321533203125, -0.071624755859375, 0.014678955078125, 0.0029296875
0.110443115234375, -0.074859619140625, 0.233154296875, -0.0440673828125, 0.017822265625, -0.000823974609375
0.098907470703125, -0.098541259765625, 0.172637939453125, -0.018524169921875, 0.018768310546875, -0.004150390625
0.089019775390625, -0.176544189453125, 0.140380859375, -0.00811767578125, 0.00836181640625, -0.002716064453125
0.092681884765625, -0.179351806640625, 0.151031494140625, -0.015533447265625, 0.006500244140625, 0.000152587890625
0.0980224609375, -0.159942626953125, 0.17352294921875, -0.032318115234375, 0.0054931640625, 0.006927490234375
0.122802734375, -0.089019775390625, 0.201385498046875, -0.049835205078125, 0.0107421875, 0.01275634765625
0.123016357421875, -0.077545166015625, 0.19287109375, -0.049591064453125, 0.01263427734375, 0.012237548828125
0.1177978515625, -0.04278564453125, 0.178253173828125, -0.04534912109375, 0.0137939453125, 0.00970458984375
0.11590576171875, -0.030029296875, 0.150054931640625, -0.022796630859375, 0.008697509765625, -0.0015869140625
0.113189697265625, -0.03924560546875, 0.146484375, -0.019287109375, 0.0062255859375, -0.004852294921875
0.10894775390625, -0.059051513671875, 0.147308349609375, -0.016448974609375, 0.000885009765625, -0.010406494140625
0.108612060546875, -0.112701416015625, 0.214202880859375, -0.02813720703125, -0.0045166015625, -0.01287841796875
0.109771728515625, -0.116455078125, 0.228485107421875, -0.029632568359375, -0.002593994140625, -0.011260986328125
0.113250732421875, -0.106231689453125, 0.234100341796875, -0.033538818359375, 0.00262451171875, -0.007049560546875
0.117645263671875, -0.052978515625, 0.199859619140625, -0.02740478515625, 0.00787353515625, -0.00189208984375
0.116729736328125, -0.028594970703125, 0.197235107421875, -0.027099609375, 0.007904052734375, -0.001312255859375
0.1181640625, -0.008880615234375, 0.1953125, -0.021514892578125, 0.006683349609375, -0.0054931640625

-0.535064697265625, -0.9998779296875, 0.4642333984375, 0.078948974609375, -0.152618408203125, 0.137054443359375
-0.659515380859375, 0.668365478515625, 0.9998779296875, 0.09320068359375, -0.00665283203125, 0.374542236328125
-0.47100830078125, 0.9998779296875, 0.9998779296875, 0.077789306640625, 0.08575439453125, 0.33770751953125
-0.278228759765625, 0.9998779296875, 0.9998779296875, 0.0521240234375, 0.25384521484375, 0.199127197265625
-0.1285400390625, 0.059967041015625, -0.9110107421875, -0.013946533203125, 0.292266845703125, 0.013916015625
0.012298583984375, 0.15802001953125, -0.96795654296875, -0.049407958984375, 0.14129638671875, 0.013275146484375
0.167083740234375, 0.25189208984375, 0.397369384765625, -0.134765625, 0.03204345703125, -0.04608154296875
0.069000244140625, 0.01483154296875, 0.1805419921875, -0.184906005859375, 0.11309814453125, -0.068817138671875
0.070556640625, -0.0157470703125, 0.029937744140625, -0.170745849609375, 0.120849609375, -0.06939697265625
0.114990234375, -0.02392578125, -0.1129150390625, -0.11309814453125, 0.091705322265625, -0.06549072265625
0.14520263671875, 0.020416259765625, -0.0909423828125, -0.075225830078125, 0.062042236328125, -0.062530517578125
0.14385986328125, 0.025146484375, -0.1024169921875, -0.064605712890625, 0.056182861328125, -0.0623779296875
0.161376953125, 0.0390625, -0.11651611328125, -0.0506591796875, 0.044921875, -0.062103271484375
0.161712646484375, 0.046356201171875, -0.0863037109375, -0.06036376953125, 0.028778076171875, -0.070037841796875
0.1591796875, 0.01025390625, -0.08709716796875, -0.057830810546875, 0.0260009765625, -0.072906494140625
0.16131591796875, -0.01837158203125, -0.151031494140625, -0.0439453125, 0.01593017578125, -0.068450927734375
0.152374267578125, 0.039947509765625, -0.295135498046875, -0.047698974609375, -0.00567626953125, -0.0694580078125
0.151458740234375, 0.06878662109375, -0.35260009765625, -0.05023193359375, -0.020355224609375, -0.072723388671875
0.089996337890625, 0.124298095703125, -0.43011474609375, -0.039337158203125, -0.06451416015625, -0.0858154296875
-0.140289306640625, -0.07879638671875, -0.510772705078125, 0.025054931640625, -0.16796875, -0.125701904296875
-0.3333740234375, -0.219207763671875, -0.645111083984375, 0.0242919921875, -0.230255126953125, -0.12603759765625
-0.705780029296875, -0.491668701171875, -0.76812744140625, 0.0799560546875, -0.3209228515625, -0.117401123046875
-0.9998779296875, -0.9998779296875, -0.651947021484375, 0.31024169921875, -0.5545654296875, -0.08258056640625
-0.9998779296875, -0.9998779296875, -0.15509033203125, 0.30865478515625, -0.5970458984375, -0.06439208984375
-0.9998779296875, -0.9998779296875, 0.9998779296875, 0.246673583984375, -0.584075927734375, 0.052825927734375
-0.33807373046875, 0.99078369140625, 0.9998779296875, -0.04766845703125, -0.010162353515625, 0.303375244140625
-0.233795166015625, 0.9998779296875, 0.96051025390625, -0.12506103515625, 0.11016845703125, 0.22235107421875
-0.201019287109375, 0.26806640625, -0.088226318359375, -0.283843994140625, 0.202972412109375, 0.00091552734375
0.033935546875, -0.504058837890625, -0.138214111328125, -0.05926513671875, 0.03485107421875, -0.03411865234375
0.06195068359375, -0.4862060546875, 0.021148681640625, -0.02203369140625, 0.007171630859375, -0.013214111328125
0.07025146484375, -0.41461181640625, 0.13494873046875, 0.003173828125, -0.00531005859375, 0.024658203125
0.08612060546875, 0.027557373046875, 0.15362548828125, -0.0255126953125, 0.021087646484375, 0.03826904296875
0.084075927734375, 0.017547607421875, 0.1058349609375, -0.0244140625, 0.02581787109375, 0.027618408203125
0.08209228515625, -0.0111083984375, 0.065093994140625, -0.04095458984375, 0.02581787109375, 0.0081787109375
0.088531494140625, -0.1148681640625, 0.109161376953125, -0.06561279296875, 0.01251220703125, -0.012786865234375
0.091217041015625, -0.14190673828125, 0.130523681640625, -0.065887451171875, 0.009674072265625, -0.01263427734375
0.09893798828125, -0.16058349609375, 0.170074462890625, -0.06536865234375, 0.007720947265625, -0.008880615234375
0.10223388671875, -0.088897705078125, 0.210540771484375, -0.061676025390625, 0.010284423828125, -0.001953125
0.1011962890625, -0.068695068359375, 0.211090087890625, -0.038970947265625, 0.012054443359375, -0.005950927734375
0.0882568359375, -0.074371337890625, 0.161590576171875, -0.019561767578125, 0.011077880859375, -0.012603759765625
0.08673095703125, -0.130889892578125, 0.15948486328125, -0.01654052734375, 0.00225830078125, -0.021392822265625
0.08453369140625, -0.14166259765625, 0.17620849609375, -0.025543212890625, 0.001800537109375, -0.02191162109375
0.09112548828125, -0.149810791015625, 0.208099365234375, -0.045867919921875, 0.003936767578125, -0.02081298828125
0.0950927734375, -0.113800048828125, 0.243865966796875, -0.06744384765625, 0.0137939453125, -0.017181396484375
0.091644287109375, -0.102294921875, 0.24114990234375, -0.066436767578125, 0.01617431640625, -0.01702880859375
0.0850830078125, -0.091644287109375, 0.21240234375, -0.0548095703125, 0.0186767578125, -0.01806640625
0.079132080078125, -0.1175537109375, 0.16363525390625, -0.03070068359375, 0.008209228515625, -0.0211181640625
0.0736083984375, -0.130035400390625, 0.170318603515625, -0.0242919921875, 0.004486083984375, -0.020721435546875
0.0728759765625, -0.14910888671875, 0.20928955078125, -0.02203369140625, -0.000701904296875, -0.016326904296875
0.07763671875, -0.15631103515625, 0.237823486328125, -0.03460693359375, 0.00408935546875, -0.004608154296875

-0.70343017578125, -0.9998779296875, 0.38427734375, 0.14337158203125, -0.167724609375, 0.18780517578125
-0.793121337890625, 0.738311767578125, 0.9998779296875, 0.11529541015625, -0.042083740234375, 0.405242919921875
-0.528778076171875, 0.9998779296875, 0.9998779296875, 0.10821533203125, 0.075042724609375, 0.36639404296875
-0.4498291015625, 0.9998779296875, 0.9998779296875, 0.077972412109375, 0.2818603515625, 0.190948486328125
-0.04132080078125, 0.04461669921875, -0.9998779296875, -0.044525146484375, 0.25811767578125, 0.011322021484375
0.067657470703125, 0.201324462890625, -0.726837158203125, -0.051483154296875, 0.10052490234375, -0.005462646484375
0.135040283203125, 0.036529541015625, 0.322784423828125, -0.112152099609375, 0.071533203125, -0.03076171875
0.1131591796875, 0.076568603515625, -0.187774658203125, -0.113800048828125, 0.131195068359375, -0.024444580078125
0.134124755859375, 0.1217041015625, -0.2740478515625, -0.10821533203125, 0.11981201171875, -0.028289794921875
0.142822265625, 0.158233642578125, -0.25189208984375, -0.101776123046875, 0.0823974609375, -0.04345703125
0.143707275390625, 0.092254638671875, -0.05120849609375, -0.090545654296875, 0.04345703125, -0.076995849609375
0.148345947265625, 0.089630126953125, -0.042755126953125, -0.084716796875, 0.040802001953125, -0.080780029296875
0.14599609375, 0.0379638671875, -0.093170166015625, -0.062713623046875, 0.033050537109375, -0.090789794921875
0.137603759765625, -0.051910400390625, -0.110809326171875, -0.03759765625, 0.01824951171875, -0.09283447265625
0.148406982421875, -0.067535400390625, -0.113006591796875, -0.032257080078125, 0.013671875, -0.09051513671875
0.146759033203125, -0.0704345703125, -0.091827392578125, -0.035797119140625, 0.005157470703125, -0.084075927734375
0.13409423828125, -0.06671142578125, -0.186126708984375, -0.0299072265625, -0.0123291015625, -0.077545166015625
0.127593994140625, -0.062103271484375, -0.19342041015625, -0.02880859375, -0.02178955078125, -0.07763671875
0.112579345703125, -0.07373046875, -0.190032958984375, -0.03033447265625, -0.043121337890625, -0.07867431640625
-0.019744873046875, -0.058837890625, -0.492218017578125, 0.003997802734375, -0.110504150390625, -0.08636474609375
-0.13104248046875, -0.100189208984375, -0.66363525390625, 0.01519775390625, -0.13983154296875, -0.089935302734375
-0.469268798828125, -0.24371337890625, -0.99853515625, 0.044036865234375, -0.245697021484375, -0.09661865234375
-0.9998779296875, -0.9998779296875, -0.40093994140625, 0.16461181640625, -0.556121826171875, -0.074798583984375
-0.9998779296875, -0.9998779296875, -0.349151611328125, 0.256103515625, -0.587066650390625, -0.043914794921875
-0.9998779296875, -0.9998779296875, 0.984527587890625, 0.230072021484375, -0.621856689453125, 0.051544189453125
-0.3514404296875, 0.546478271484375, 0.9998779296875, -0.00823974609375, -0.127838134765625, 0.28765869140625
-0.1439208984375, 0.9998779296875, 0.9998779296875, -0.100555419921875, 0.023193359375, 0.236083984375
-0.271942138671875, 0.039398193359375, 0.01776123046875, -0.228118896484375, 0.175048828125, -0.087188720703125
-0.051055908203125, -0.89398193359375, -0.170806884765625, -0.0040283203125, 0.04638671875, -0.031768798828125
0.0205078125, -0.69085693359375, 0.05224609375, 0.014923095703125, 0.025360107421875, 0.011077880859375
0.031494140625, -0.397308349609375, 0.158721923828125, 0.005340576171875, 0.018646240234375, 0.067840576171875
0.04241943359375, 0.090118408203125, 0.132843017578125, -0.03485107421875, 0.03802490234375, 0.079803466796875
0.05133056640625, 0.1331787109375, 0.092498779296875, -0.0384521484375, 0.04254150390625, 0.06622314453125
0.095306396484375, 0.066436767578125, 0.028717041015625, -0.057769775390625, 0.041900634765625, 0.015960693359375
0.109588623046875, -0.069580078125, 0.062744140625, -0.073486328125, 0.030181884765625, -0.012237548828125
0.1134033203125, -0.09527587890625, 0.078094482421875, -0.074798583984375, 0.02679443359375, -0.01556396484375
0.117645263671875, -0.116455078125, 0.095611572265625, -0.07122802734375, 0.021087646484375, -0.01708984375
0.115478515625, -0.1287841796875, 0.136016845703125, -0.0552978515625, 0.010040283203125, -0.015289306640625
0.114471435546875, -0.126678466796875, 0.148162841796875, -0.049896240234375, 0.008026123046875, -0.0142822265625
0.108612060546875, -0.119140625, 0.15264892578125, -0.03424072265625, 0.005096435546875, -0.0125732421875
0.086669921875, -0.13555908203125, 0.15618896484375, -0.012969970703125, -0.001861572265625, -0.014007568359375
0.084808349609375, -0.142120361328125, 0.1668701171875, -0.01373291015625, -0.002685546875, -0.01422119140625
0.0836181640625, -0.166229248046875, 0.19677734375, -0.0205078125, -0.002532958984375, -0.013885498046875
0.084625244140625, -0.160125732421875, 0.228424072265625, -0.03973388671875, 0.005035400390625, -0.006134033203125
0.083160400390625, -0.1517333984375, 0.224334716796875, -0.04010009765625, 0.00714111328125, -0.004425048828125
0.0850830078125, -0.13555908203125, 0.213287353515625, -0.03594970703125, 0.00982666015625, -0.00140380859375
0.082733154296875, -0.0916748046875, 0.2109375, -0.027191162109375, 0.010498046875, -0.0030517578125
0.08306884765625, -0.104949951171875, 0.203582763671875, -0.02447509765625, 0.010009765625, -0.004791259765625
0.079437255859375, -0.128387451171875, 0.21014404296875, -0.02764892578125, 0.009521484375, -0.005859375
0.08233642578125, -0.140869140625, 0.204132080078125, -0.034271240234375, 0.0106201171875, -0.0009765625

-0.74102783203125, -0.9998779296875, -0.54803466796875, 0.21295166015625, -0.26849365234375, 0.041900634765625
-0.9998779296875, -0.9998779296875, 0.14544677734375, 0.191253662109375, -0.3304443359375, 0.14263916015625
-0.9998779296875, -0.9998779296875, 0.9998779296875, 0.099853515625, -0.311920166015625, 0.405517578125
-0.203216552734375, 0.9998779296875, 0.9998779296875, 0.05194091796875, 0.192352294921875, 0.2611083984375
-0.27447509765625, 0.9998779296875, 0.559539794921875, -0.018035888671875, 0.261566162109375, 0.131805419921875
-0.18023681640625, -0.72564697265625, -0.41900634765625, -0.17559814453125, 0.236602783203125, -0.0439453125
0.0062255859375, -0.226654052734375, -0.0406494140625, -0.11822509765625, 0.114837646484375, 0.06207275390625
0.047698974609375, 0.03253173828125, 0.1129150390625, -0.097564697265625, 0.0992431640625, 0.07781982421875
0.123504638671875, 0.36480712890625, 0.21380615234375, -0.099456787109375, 0.1075439453125, 0.06396484375
0.145263671875, 0.32891845703125, -0.227386474609375, -0.091064453125, 0.1046142578125, -0.043548583984375
0.126312255859375, 0.156585693359375, -0.226776123046875, -0.104095458984375, 0.087432861328125, -0.058380126953125
0.12188720703125, -0.009368896484375, -0.08843994140625, -0.1234130859375, 0.05609130859375, -0.071502685546875
0.177398681640625, -0.044036865234375, 0.08880615234375, -0.1258544921875, 0.056549072265625, -0.04754638671875
0.18597412109375, -0.008758544921875, 0.071624755859375, -0.128997802734375, 0.063201904296875, -0.0411376953125
0.19256591796875, 0.027740478515625, -0.02490234375, -0.124176025390625, 0.070831298828125, -0.037353515625
0.192047119140625, 0.1292724609375, -0.20184326171875, -0.0714111328125, 0.04150390625, -0.0496826171875
0.1341552734375, 0.054107666015625, -0.11968994140625, -0.04998779296875, -0.018585205078125, -0.104644775390625
0.1297607421875, 0.040435791015625, -0.133392333984375, -0.04400634765625, -0.024688720703125, -0.1082763671875
0.110748291015625, 0.0113525390625, -0.187744140625, -0.042724609375, -0.03924560546875, -0.1146240234375
-0.025634765625, -0.2484130859375, -0.455108642578125, 0.010772705078125, -0.11700439453125, -0.117919921875
-0.076416015625, -0.280181884765625, -0.49761962890625, 0.0048828125, -0.14434814453125, -0.11358642578125
-0.26123046875, -0.364349365234375, -0.5887451171875, 0.00274658203125, -0.21563720703125, -0.09735107421875
-0.9998779296875, -0.732879638671875, -0.649810791015625, 0.131500244140625, -0.41961669921875, -0.034576416015625
-0.9998779296875, -0.874237060546875, -0.57391357421875, 0.183013916015625, -0.4716796875, -0.02294921875
-0.9998779296875, -0.9998779296875, 0.063018798828125, 0.2916259765625, -0.588592529296875, 0.009002685546875
-0.9998779296875, -0.9998779296875, 0.9998779296875, 0.099700927734375, -0.386993408203125, 0.23504638671875
-0.766998291015625, -0.418212890625, 0.9998779296875, 0.01849365234375, -0.232177734375, 0.294891357421875
-0.169158935546875, 0.9998779296875, 0.500213623046875, -0.22418212890625, 0.144805908203125, 0.132568359375
-0.1173095703125, -0.4124755859375, 0.006988525390625, -0.243682861328125, 0.1385498046875, -0.109130859375
-0.06390380859375, -0.632537841796875, -0.044189453125, -0.150390625, 0.107330322265625, -0.10137939453125
0.023773193359375, -0.644683837890625, 0.03369140625, -0.013427734375, 0.051849365234375, -0.037353515625
0.05126953125, -0.2564697265625, 0.11700439453125, 0.02899169921875, 0.026031494140625, 0.05645751953125
0.034088134765625, -0.15087890625, 0.1043701171875, 0.024017333984375, 0.025787353515625, 0.064300537109375
0.04150390625, -0.010833740234375, 0.084869384765625, 0.021240234375, 0.02496337890625, 0.063629150390625
0.08685302734375, 0.038482666015625, 0.05621337890625, -0.002593994140625, 0.019989013671875, 0.023406982421875
0.094818115234375, 0.017578125, 0.0595703125, -0.01165771484375, 0.0184326171875, 0.012451171875
0.102325439453125, -0.052581787109375, 0.076507568359375, -0.025970458984375, 0.01605224609375, -0.003936767578125
0.110107421875, -0.118560791015625, 0.14056396484375, -0.0616455078125, 0.015350341796875, -0.014923095703125
0.114501953125, -0.111419677734375, 0.146026611328125, -0.0611572265625, 0.0155029296875, -0.01556396484375
0.10797119140625, -0.11285400390625, 0.14593505859375, -0.0504150390625, 0.015045166015625, -0.01812744140625
0.099517822265625, -0.155731201171875, 0.1126708984375, -0.024017333984375, 0.0087890625, -0.020599365234375
0.100067138671875, -0.167938232421875, 0.1160888671875, -0.021240234375, 0.00592041015625, -0.020050048828125
0.097808837890625, -0.1732177734375, 0.1322021484375, -0.019989013671875, 0.000823974609375, -0.01708984375
0.09368896484375, -0.1683349609375, 0.185882568359375, -0.022125244140625, -0.003936767578125, -0.01116943359375
0.09222412109375, -0.1614990234375, 0.19927978515625, -0.0223388671875, -0.003204345703125, -0.010101318359375
0.090728759765625, -0.150482177734375, 0.21588134765625, -0.020843505859375, 0.000030517578125, -0.009033203125
0.075958251953125, -0.1441650390625, 0.20684814453125, -0.031097412109375, 0.013214111328125, -0.013824462890625
0.07147216796875, -0.145660400390625, 0.198944091796875, -0.034393310546875, 0.01470947265625, -0.014495849609375
0.064605712890625, -0.148162841796875, 0.18524169921875, -0.034942626953125, 0.015960693359375, -0.01513671875
0.063995361328125, -0.17486572265625, 0.1866455078125, -0.033966064453125, 0.014617919921875, -0.012908935546875

-0.21484375, -0.9998779296875, -0.731048583984375, 0.132598876953125, -0.237030029296875, 0.0374755859375
-0.9700927734375, -0.9998779296875, -0.386077880859375, 0.1807861328125, -0.3092041015625, 0.121917724609375
-0.9998779296875, -0.9998779296875, 0.9998779296875, 0.15325927734375, -0.390167236328125, 0.3394775390625
-0.9998779296875, 0.6251220703125, 0.9998779296875, 0.11798095703125, -0.170623779296875, 0.47235107421875
-0.740875244140625, 0.9998779296875, 0.9998779296875, 0.15777587890625, -0.045867919921875, 0.433685302734375
-0.18438720703125, 0.9998779296875, 0.9998779296875, 0.14166259765625, 0.135650634765625, 0.275360107421875
-0.019317626953125, -0.29296875, -0.187255859375, -0.113739013671875, 0.1572265625, -0.011077880859375
0.026641845703125, -0.319061279296875, -0.111053466796875, -0.099822998046875, 0.122314453125, 0.000152587890625
0.0704345703125, -0.17364501953125, 0.095550537109375, -0.013031005859375, 0.069976806640625, 0.039215087890625
0.1243896484375, 0.278076171875, 0.452789306640625, -0.0062255859375, 0.084625244140625, 0.046966552734375
0.1129150390625, 0.2591552734375, 0.291259765625, -0.0106201171875, 0.10894775390625, 0.0306396484375
0.109405517578125, 0.165435791015625, -0.08245849609375, -0.06927490234375, 0.131317138671875, -0.005828857421875
0.125640869140625, -0.005828857421875, -0.01617431640625, -0.111602783203125, 0.064483642578125, -0.042144775390625
0.14971923828125, -0.013702392578125, 0.114410400390625, -0.120697021484375, 0.0631103515625, -0.043121337890625
0.16925048828125, 0.055389404296875, 0.1923828125, -0.14288330078125, 0.079833984375, -0.04620361328125
0.14691162109375, -0.031463623046875, -0.017547607421875, -0.155120849609375, 0.099456787109375, -0.06097412109375
0.14947509765625, -0.063751220703125, -0.066253662109375, -0.15692138671875, 0.097198486328125, -0.0626220703125
0.161773681640625, -0.06622314453125, -0.08294677734375, -0.13818359375, 0.086700439453125, -0.057342529296875
0.140380859375, 0.0489501953125, -0.025848388671875, -0.14715576171875, 0.070068359375, -0.062591552734375
0.13641357421875, 0.030731201171875, -0.065155029296875, -0.117919921875, 0.062530517578125, -0.07550048828125
0.10443115234375, -0.126708984375, -0.212432861328125, -0.026947021484375, 0.029022216796875, -0.088836669921875
0.102630615234375, -0.155303955078125, -0.250091552734375, -0.025115966796875, 0.020721435546875, -0.086212158203125
0.1044921875, -0.131317138671875, -0.47113037109375, -0.03668212890625, -0.01556396484375, -0.07366943359375
-0.089385986328125, -0.04296875, -0.983917236328125, -0.0093994140625, -0.172332763671875, -0.079071044921875
-0.499114990234375, -0.140594482421875, -0.9998779296875, 0.00885009765625, -0.25732421875, -0.08935546875
-0.9998779296875, -0.55023193359375, -0.9998779296875, 0.085479736328125, -0.43988037109375, -0.105499267578125
-0.9998779296875, -0.9998779296875, 0.008575439453125, 0.286529541015625, -0.640594482421875, -0.05914306640625
-0.9998779296875, -0.9998779296875, 0.410369873046875, 0.322174072265625, -0.653350830078125, -0.056121826171875
-0.9998779296875, -0.9998779296875, 0.9998779296875, 0.2470703125, -0.581298828125, 0.020355224609375
-0.355682373046875, 0.9998779296875, 0.9998779296875, -0.1761474609375, 0.036376953125, 0.2752685546875
-0.255096435546875, 0.9998779296875, 0.607940673828125, -0.195098876953125, 0.136260986328125, 0.179931640625
-0.257659912109375, 0.296173095703125, 0.040496826171875, -0.216522216796875, 0.170074462890625, -0.05255126953125
-0.019195556640625, -0.69464111328125, 0.044952392578125, -0.0604248046875, 0.071319580078125, -0.067474365234375
0.015472412109375, -0.63958740234375, 0.073699951171875, -0.02703857421875, 0.055511474609375, -0.03192138671875
0.032806396484375, -0.3433837890625, 0.066070556640625, 0.0250244140625, 0.03314208984375, 0.049102783203125
0.0384521484375, 0.007598876953125, 0.0985107421875, 0.018035888671875, 0.02032470703125, 0.06573486328125
0.0482177734375, 0.04351806640625, 0.083709716796875, 0.022857666015625, 0.01995849609375, 0.05828857421875
0.0714111328125, 0.0478515625, 0.06573486328125, 0.00775146484375, 0.017822265625, 0.035430908203125
0.090911865234375, -0.076751708984375, 0.09783935546875, -0.034759521484375, 0.01263427734375, 0.0029296875
0.09417724609375, -0.095123291015625, 0.1109619140625, -0.043365478515625, 0.012298583984375, 0.00018310546875
0.104827880859375, -0.109893798828125, 0.147247314453125, -0.059234619140625, 0.01116943359375, -0.001922607421875
0.098419189453125, -0.0810546875, 0.15386962890625, -0.044830322265625, 0.0089111328125, -0.003509521484375
0.09613037109375, -0.0770263671875, 0.151947021484375, -0.03558349609375, 0.0069580078125, -0.005462646484375
0.095001220703125, -0.083740234375, 0.147369384765625, -0.01397705078125, 0.002593994140625, -0.01043701171875
0.078125, -0.161651611328125, 0.16363525390625, -0.00537109375, -0.003448486328125, -0.019287109375
0.07958984375, -0.171539306640625, 0.171234130859375, -0.008544921875, -0.003387451171875, -0.01885986328125
0.07891845703125, -0.18536376953125, 0.183837890625, -0.016937255859375, -0.001434326171875, -0.016815185546875
0.07269287109375, -0.167694091796875, 0.198822021484375, -0.019317626953125, 0.00079345703125, -0.01092529296875
0.06988525390625, -0.15374755859375, 0.202392578125, -0.0174560546875, 0.00128173828125, -0.010650634765625
0.067535400390625, -0.157470703125, 0.19854736328125, -0.011566162109375, 0.002471923828125, -0.011138916015625

-0.62200927734375, -0.983673095703125, -0.9998779296875, 0.103546142578125, -0.276824951171875, -0.019073486328125
-0.9998779296875, -0.9998779296875, -0.9998779296875, 0.104217529296875, -0.38751220703125, 0.004241943359375
-0.9998779296875, -0.9998779296875, -0.27374267578125, 0.18798828125, -0.552764892578125, 0.13201904296875
-0.9998779296875, -0.9998779296875, 0.9998779296875, 0.201904296875, -0.543701171875, 0.410980224609375
-0.9998779296875, -0.96771240234375, 0.9998779296875, 0.14886474609375, -0.402557373046875, 0.473846435546875
-0.9998779296875, 0.94549560546875, 0.9998779296875, -0.04150390625, -0.075927734375, 0.490936279296875
0.110137939453125, 0.977081298828125, -0.230499267578125, -0.28369140625, 0.11761474609375, 0.000030517578125
0.072967529296875, 0.3382568359375, 0.1978759765625, -0.319854736328125, 0.048828125, -0.052886962890625
0.046417236328125, 0.225555419921875, 0.868804931640625, -0.254486083984375, 0.03021240234375, -0.096527099609375
-0.09832763671875, 0.10406494140625, 0.761566162109375, -0.1661376953125, 0.13421630859375, -0.1214599609375
-0.14471435546875, 0.018218994140625, 0.516876220703125, -0.1552734375, 0.16802978515625, -0.12664794921875
-0.155029296875, -0.020355224609375, 0.15380859375, -0.14678955078125, 0.195159912109375, -0.123748779296875
-0.0458984375, -0.11224365234375, 0.02301025390625, -0.13238525390625, 0.168914794921875, -0.1087646484375
-0.026092529296875, -0.132537841796875, 0.03546142578125, -0.124176025390625, 0.164337158203125, -0.101318359375
0.0137939453125, -0.14898681640625, -0.0257568359375, -0.12127685546875, 0.163848876953125, -0.08465576171875
0.07763671875, -0.113922119140625, -0.21551513671875, -0.115264892578125, 0.136505126953125, -0.063751220703125
0.08770751953125, -0.10882568359375, -0.247314453125, -0.106292724609375, 0.124481201171875, -0.06158447265625
0.12628173828125, -0.07257080078125, -0.300628662109375, -0.089599609375, 0.0985107421875, -0.05841064453125
0.124969482421875, -0.033660888671875, -0.318695068359375, -0.03765869140625, 0.023468017578125, -0.06597900390625
0.112060546875, -0.03375244140625, -0.30157470703125, -0.02850341796875, 0.009063720703125, -0.0699462890625
0.1014404296875, -0.069061279296875, -0.2822265625, -0.0115966796875, -0.013275146484375, -0.07745361328125
0.08941650390625, -0.13983154296875, -0.38128662109375, 0.000213623046875, -0.0556640625, -0.080352783203125
0.066436767578125, -0.13580322265625, -0.401947021484375, -0.002227783203125, -0.069976806640625, -0.079864501953125
0.01165771484375, -0.124603271484375, -0.436065673828125, -0.01702880859375, -0.105133056640625, -0.08148193359375
-0.24365234375, -0.192901611328125, -0.641876220703125, -0.00286865234375, -0.20648193359375, -0.0792236328125
-0.371307373046875, -0.22222900390625, -0.7662353515625, 0.006622314453125, -0.247283935546875, -0.07598876953125
-0.8592529296875, -0.31170654296875, -0.9998779296875, 0.074310302734375, -0.361175537109375, -0.06939697265625
-0.9998779296875, -0.9998779296875, -0.1671142578125, 0.305206298828125, -0.6634521484375, -0.077239990234375
-0.9998779296875, -0.9998779296875, 0.595733642578125, 0.3009033203125, -0.674285888671875, -0.04205322265625
-0.9998779296875, -0.9998779296875, 0.9998779296875, 0.1923828125, -0.553955078125, 0.140533447265625
-0.3228759765625, 0.9998779296875, 0.65802001953125, -0.268585205078125, 0.1871337890625, 0.176788330078125
-0.373748779296875, 0.950775146484375, 0.0611572265625, -0.35455322265625, 0.238372802734375, 0.0062255859375
-0.073333740234375, -0.933074951171875, -0.30157470703125, -0.1685791015625, 0.11639404296875, -0.13250732421875
0.0537109375, -0.652984619140625, -0.0174560546875, 0.040283203125, -0.000885009765625, 0.01123046875
0.03912353515625, -0.4600830078125, 0.057403564453125, 0.042938232421875, -0.0128173828125, 0.04290771484375
0.045562744140625, -0.110595703125, 0.169647216796875, 0.023406982421875, -0.017486572265625, 0.069793701171875
0.089691162109375, 0.139801025390625, 0.13372802734375, 0.007965087890625, 0.0081787109375, 0.005615234375
0.087493896484375, 0.0123291015625, 0.1248779296875, -0.01275634765625, 0.01312255859375, -0.024688720703125
0.074371337890625, -0.20025634765625, 0.125946044921875, -0.038482666015625, 0.0107421875, -0.039703369140625
0.06964111328125, -0.237457275390625, 0.13775634765625, -0.037139892578125, 0.008941650390625, -0.036285400390625
0.07818603515625, -0.2662353515625, 0.185943603515625, -0.0281982421875, 0.0069580078125, -0.015594482421875
0.0625, -0.159912109375, 0.128662109375, 0.0047607421875, 0.006439208984375, 0.0035400390625
0.06256103515625, -0.13897705078125, 0.118255615234375, 0.00970458984375, 0.00408935546875, 0.003204345703125
0.05487060546875, -0.120697021484375, 0.10626220703125, 0.014892578125, -0.00140380859375, -0.0015869140625
0.05242919921875, -0.16973876953125, 0.1519775390625, 0.001708984375, -0.00787353515625, -0.015289306640625
0.053497314453125, -0.18316650390625, 0.162445068359375, -0.00286865234375, -0.0072021484375, -0.016510009765625
0.053436279296875, -0.20135498046875, 0.17742919921875, -0.011962890625, -0.00457763671875, -0.01678466796875
0.057586669921875, -0.203155517578125, 0.171356201171875, -0.017120361328125, 0.000823974609375, -0.011566162109375
0.05609130859375, -0.196868896484375, 0.1636962890625, -0.015960693359375, 0.001495361328125, -0.009857177734375
0.049774169921875, -0.185272216796875, 0.153778076171875, -0.011627197265625, 0.001739501953125, -0.0076904296875

-0.038787841796875, -0.791107177734375, -0.769287109375, -0.087615966796875, 0.195953369140625, -0.03033447265625
0.092010498046875, -0.9998779296875, -0.9998779296875, -0.013031005859375, 0.142303466796875, 0.013641357421875
-0.43212890625, -0.9998779296875, -0.9998779296875, 0.084991455078125, -0.14471435546875, 0.116455078125
-0.9998779296875, -0.796783447265625, 0.9998779296875, 0.26593017578125, -0.539093017578125, 0.253326416015625
-0.9998779296875, -0.6729736328125, 0.9998779296875, 0.268798828125, -0.500701904296875, 0.255401611328125
-0.344329833984375, 0.23052978515625, 0.9998779296875, 0.10107421875, -0.19976806640625, 0.261993408203125
-0.10552978515625, 0.726806640625, 0.24591064453125, -0.0902099609375, 0.158203125, 0.0167236328125
-0.14276123046875, 0.136444091796875, 0.065582275390625, -0.09808349609375, 0.151336669921875, -0.0482177734375
-0.065185546875, -0.58123779296875, -0.291412353515625, -0.042388916015625, 0.09503173828125, -0.06787109375
-0.071197509765625, -0.6358642578125, 0.21124267578125, 0.12847900390625, -0.048492431640625, 0.1087646484375
-0.108184814453125, -0.536865234375, 0.367218017578125, 0.1046142578125, -0.05157470703125, 0.10601806640625
-0.122894287109375, -0.3775634765625, 0.557830810546875, 0.05859375, -0.029541015625, 0.14312744140625
-0.074249267578125, 0.353057861328125, 0.42510986328125, -0.0224609375, 0.12847900390625, 0.125030517578125
-0.049591064453125, 0.28778076171875, 0.209503173828125, -0.017242431640625, 0.147125244140625, 0.101226806640625
0.005126953125, 0.17022705078125, 0.01324462890625, -0.04742431640625, 0.147491455078125, 0.06396484375
0.13177490234375, 0.197113037109375, -0.00079345703125, -0.187469482421875, 0.11920166015625, 0.014251708984375
0.149749755859375, 0.237335205078125, 0.047210693359375, -0.21844482421875, 0.114837646484375, -0.000030517578125
0.145416259765625, 0.24267578125, 0.091033935546875, -0.257415771484375, 0.114654541015625, -0.03436279296875
0.127960205078125, 0.00933837890625, 0.082977294921875, -0.214630126953125, 0.1109619140625, -0.074981689453125
0.1292724609375, 0.01422119140625, 0.033599853515625, -0.1849365234375, 0.108367919921875, -0.072906494140625
0.14520263671875, 0.10009765625, -0.1221923828125, -0.090301513671875, 0.08856201171875, -0.069732666015625
0.146148681640625, 0.077911376953125, -0.26458740234375, -0.025482177734375, 0.047119140625, -0.080474853515625
0.141387939453125, 0.0517578125, -0.260040283203125, -0.0313720703125, 0.0341796875, -0.08428955078125
0.136749267578125, 0.02001953125, -0.1409912109375, -0.068939208984375, 0.004913330078125, -0.0894775390625
0.12579345703125, 0.01385498046875, -0.138580322265625, -0.069671630859375, -0.00982666015625, -0.093109130859375
0.128173828125, 0.015960693359375, -0.169036865234375, -0.060272216796875, -0.01715087890625, -0.0950927734375
0.0694580078125, -0.03558349609375, -0.302276611328125, -0.01690673828125, -0.0526123046875, -0.105865478515625
-0.037872314453125, -0.1160888671875, -0.466949462890625, 0.019195556640625, -0.109619140625, -0.11907958984375
-0.10760498046875, -0.153289794921875, -0.53497314453125, 0.033203125, -0.1368408203125, -0.12359619140625
-0.530059814453125, -0.358551025390625, -0.99078369140625, 0.091644287109375, -0.2601318359375, -0.126617431640625
-0.9998779296875, -0.9998779296875, -0.9998779296875, 0.25531005859375, -0.499755859375, -0.134918212890625
-0.9998779296875, -0.9998779296875, -0.9998779296875, 0.302001953125, -0.5880126953125, -0.136199951171875
-0.9998779296875, -0.9998779296875, -0.23248291015625, 0.344512939453125, -0.69464111328125, -0.088470458984375
-0.85516357421875, 0.11480712890625, 0.9998779296875, -0.093048095703125, -0.153289794921875, 0.36322021484375
-0.434173583984375, 0.9998779296875, 0.9998779296875, -0.218505859375, 0.083221435546875, 0.3565673828125
-0.231903076171875, 0.6749267578125, -0.281494140625, -0.399749755859375, 0.27099609375, 0.096527099609375
0.0164794921875, -0.187957763671875, -0.6546630859375, -0.021148681640625, -0.002227783203125, -0.062957763671875
-0.01837158203125, -0.3572998046875, 0.0291748046875, 0.106597900390625, -0.120025634765625, -0.060333251953125
0.05133056640625, -0.262603759765625, 0.470062255859375, 0.026702880859375, 0.007080078125, 0.0174560546875
0.0318603515625, -0.19610595703125, 0.314208984375, 0.009307861328125, 0.03594970703125, 0.023345947265625
0.0177001953125, -0.1373291015625, 0.097900390625, -0.043548583984375, 0.062286376953125, 0.022064208984375
0.08538818359375, -0.103515625, -0.001678466796875, -0.057830810546875, 0.028839111328125, 0.007110595703125
0.094573974609375, -0.1177978515625, 0.037078857421875, -0.053985595703125, 0.01904296875, 0.00433349609375
0.10028076171875, -0.13983154296875, 0.111602783203125, -0.0474853515625, 0.008026123046875, 0.002410888671875
0.105224609375, -0.1016845703125, 0.17291259765625, -0.030120849609375, 0.005767822265625, 0.000823974609375
0.10382080078125, -0.10626220703125, 0.170806884765625, -0.019927978515625, 0.006317138671875, -0.0010986328125
0.10296630859375, -0.107208251953125, 0.142730712890625, -0.003570556640625, 0.007080078125, -0.004486083984375
0.09033203125, -0.14044189453125, 0.100067138671875, 0.00421142578125, 0.0020751953125, -0.014739990234375
0.0880126953125, -0.165374755859375, 0.108978271484375, -0.00079345703125, 0.00103759765625, -0.016754150390625
0.096282958984375, -0.199920654296875, 0.146942138671875, -0.022979736328125, 0.001861572265625, -0.014892578125

-0.075439453125, -0.928863525390625, -0.9998779296875, 0.062225341796875, -0.062469482421875, -0.030914306640625
-0.9998779296875, -0.9998779296875, 0.9998779296875, 0.10626220703125, -0.408905029296875, 0.343231201171875
-0.9998779296875, -0.713653564453125, 0.9998779296875, 0.104400634765625, -0.364593505859375, 0.411407470703125
-0.7064208984375, 0.9998779296875, 0.9998779296875, 0.01690673828125, -0.087432861328125, 0.424072265625
-0.324981689453125, 0.6434326171875, 0.030609130859375, -0.066009521484375, 0.27716064453125, -0.014923095703125
-0.322479248046875, -0.077728271484375, -0.245269775390625, -0.141845703125, 0.267852783203125, -0.076934814453125
0.0069580078125, -0.629425048828125, -0.3524169921875, -0.2169189453125, 0.1866455078125, -0.080078125
0.120452880859375, 0.279937744140625, 0.41448974609375, -0.053466796875, 0.085845947265625, 0.000213623046875
0.087860107421875, 0.23199462890625, 0.324371337890625, -0.04852294921875, 0.105438232421875, -0.016510009765625
0.111541748046875, 0.098724365234375, -0.04931640625, -0.050750732421875, 0.1300048828125, -0.03997802734375
0.1312255859375, 0.20770263671875, -0.150115966796875, -0.06903076171875, 0.077728271484375, -0.064422607421875
0.124542236328125, 0.18243408203125, -0.097808837890625, -0.084320068359375, 0.066558837890625, -0.07733154296875
0.1103515625, 0.05157470703125, -0.08056640625, -0.093902587890625, 0.054901123046875, -0.097076416015625
0.10906982421875, 0.143310546875, -0.022613525390625, -0.113983154296875, 0.014251708984375, -0.0947265625
0.105987548828125, 0.166107177734375, 0.02618408203125, -0.119232177734375, 0.0106201171875, -0.103240966796875
0.08001708984375, 0.04754638671875, -0.15478515625, -0.09942626953125, 0.010467529296875, -0.123382568359375
-0.205108642578125, -0.14666748046875, -0.9998779296875, 0.054901123046875, -0.116302490234375, -0.121124267578125
-0.468780517578125, -0.347198486328125, -0.9998779296875, 0.11083984375, -0.210906982421875, -0.12921142578125
-0.9998779296875, -0.9998779296875, -0.9998779296875, 0.196685791015625, -0.439605712890625, -0.13739013671875
-0.9998779296875, -0.9998779296875, 0.99932861328125, 0.28680419921875, -0.701568603515625, 0.055816650390625
-0.9998779296875, -0.9998779296875, 0.9998779296875, 0.272003173828125, -0.665130615234375, 0.135101318359375
-0.78765869140625, -0.46612548828125, 0.9998779296875, 0.112152099609375, -0.32861328125, 0.29522705078125
-0.397430419921875, 0.492950439453125, -0.04107666015625, -0.25579833984375, 0.198333740234375, -0.148162841796875
-0.139129638671875, -0.92779541015625, -0.44366455078125, -0.18328857421875, 0.147918701171875, -0.15240478515625
0.015533447265625, -0.9259033203125, -0.33734130859375, 0.02197265625, 0.030670166015625, -0.050567626953125
0.03277587890625, -0.101898193359375, 0.233306884765625, 0.0369873046875, -0.02984619140625, 0.057464599609375
0.046783447265625, 0.0205078125, 0.284576416015625, 0.030914306640625, -0.022918701171875, 0.05279541015625
0.04241943359375, 0.069610595703125, 0.269195556640625, 0.004974365234375, -0.000152587890625, 0.02392578125
0.035888671875, -0.138580322265625, 0.115142822265625, -0.02178955078125, 0.0306396484375, -0.014434814453125
0.0416259765625, -0.177490234375, 0.0972900390625, -0.026214599609375, 0.03076171875, -0.01605224609375
0.05596923828125, -0.21575927734375, 0.081390380859375, -0.02239990234375, 0.022125244140625, -0.00726318359375
0.0673828125, -0.186553955078125, 0.11199951171875, -0.027679443359375, 0.011474609375, 0.001922607421875
0.06439208984375, -0.164825439453125, 0.124969482421875, -0.025054931640625, 0.008636474609375, 0.004364013671875
0.06182861328125, -0.120208740234375, 0.148284912109375, -0.0223388671875, 0.00445556640625, 0.004852294921875
0.03887939453125, -0.1378173828125, 0.136444091796875, 0.00946044921875, -0.003173828125, -0.01202392578125
0.0367431640625, -0.166748046875, 0.147796630859375, 0.009063720703125, -0.004150390625, -0.01507568359375
0.037139892578125, -0.2147216796875, 0.170684814453125, -0.000457763671875, -0.003082275390625, -0.0164794921875
0.0465087890625, -0.234893798828125, 0.182403564453125, -0.014984130859375, 0.004058837890625, -0.0068359375
0.04583740234375, -0.224945068359375, 0.180328369140625, -0.015716552734375, 0.006072998046875, -0.003509521484375
0.046844482421875, -0.1898193359375, 0.1656494140625, -0.01324462890625, 0.008331298828125, 0.001068115234375
0.043212890625, -0.154998779296875, 0.147796630859375, -0.0078125, 0.004058837890625, 0.00115966796875
0.041412353515625, -0.151947021484375, 0.154815673828125, -0.00823974609375, 0.0023193359375, -0.000030517578125
0.041351318359375, -0.16290283203125, 0.1695556640625, -0.006103515625, 0.001068115234375, -0.00189208984375
0.04364013671875, -0.185333251953125, 0.178131103515625, -0.017913818359375, 0.006439208984375, -0.0018310546875
0.044403076171875, -0.18609619140625, 0.17254638671875, -0.02288818359375, 0.014984130859375, -0.00079345703125
0.044097900390625, -0.199188232421875, 0.1773681640625, -0.029052734375, 0.00909423828125, 0.001495361328125
0.04949951171875, -0.175048828125, 0.164703369140625, -0.02691650390625, 0.00732421875, 0.011688232421875
0.05413818359375, -0.20623779296875, 0.16961669921875, -0.016082763671875, 0.00408935546875, 0.014007568359375
0.060943603515625, -0.107391357421875, 0.210113525390625, -0.012908935546875, 0.004150390625, 0.02374267578125
0.065338134765625, -0.0985107421875, 0.199859619140625, -0.01251220703125, 0.005462646484375, 0.02239990234375

-0.055694580078125, -0.41595458984375, -0.88482666015625, -0.0302734375, -0.067352294921875, -0.0682373046875
-0.264556884765625, -0.9998779296875, -0.590118408203125, 0.086761474609375, -0.21160888671875, -0.035980224609375
-0.9998779296875, -0.9998779296875, 0.989349365234375, 0.181121826171875, -0.363189697265625, 0.2852783203125
-0.9998779296875, -0.9998779296875, 0.9998779296875, 0.15093994140625, -0.347137451171875, 0.349365234375
-0.9998779296875, 0.194000244140625, 0.9998779296875, 0.12261962890625, -0.184326171875, 0.42095947265625
-0.22515869140625, 0.9998779296875, 0.900238037109375, 0.16314697265625, 0.2064208984375, 0.243072509765625
-0.200653076171875, 0.9998779296875, 0.36236572265625, 0.067596435546875, 0.245147705078125, 0.152984619140625
-0.1258544921875, -0.229400634765625, -0.414794921875, -0.16400146484375, 0.227874755859375, -0.013153076171875
0.0926513671875, -0.03875732421875, -0.229736328125, -0.09063720703125, 0.089447021484375, 0.01434326171875
0.127899169921875, 0.22479248046875, 0.00732421875, -0.026702880859375, 0.051971435546875, 0.02288818359375
0.17596435546875, 0.37347412109375, 0.3011474609375, 0.051239013671875, 0.0347900390625, -0.004302978515625
0.11663818359375, 0.12469482421875, -0.100128173828125, 0.025726318359375, 0.095947265625, -0.063201904296875
0.109344482421875, 0.0640869140625, -0.173431396484375, -0.016204833984375, 0.093414306640625, -0.07171630859375
0.098907470703125, -0.0853271484375, -0.16339111328125, -0.0997314453125, 0.07073974609375, -0.083251953125
0.145477294921875, -0.151458740234375, 0.123687744140625, -0.167572021484375, 0.03814697265625, -0.061767578125
0.15673828125, -0.112701416015625, 0.1591796875, -0.168670654296875, 0.0411376953125, -0.054931640625
0.156829833984375, -0.038299560546875, 0.1552734375, -0.155242919921875, 0.052734375, -0.048553466796875
0.13262939453125, 0.01263427734375, -0.025604248046875, -0.10784912109375, 0.06585693359375, -0.06683349609375
0.114837646484375, -0.0126953125, -0.039947509765625, -0.105987548828125, 0.062225341796875, -0.07196044921875
0.10418701171875, -0.076263427734375, -0.126129150390625, -0.08575439453125, 0.05206298828125, -0.07537841796875
0.10577392578125, -0.077880859375, -0.231719970703125, -0.079925537109375, -0.00311279296875, -0.064971923828125
0.0926513671875, -0.066864013671875, -0.2264404296875, -0.0860595703125, -0.024749755859375, -0.065277099609375
0.050140380859375, -0.12884521484375, -0.371917724609375, -0.068328857421875, -0.071685791015625, -0.06695556640625
-0.6075439453125, -0.882598876953125, -0.9998779296875, 0.1383056640625, -0.300689697265625, -0.04583740234375
-0.99884033203125, -0.9998779296875, -0.986297607421875, 0.182525634765625, -0.387725830078125, -0.034942626953125
-0.9998779296875, -0.9998779296875, 0.4031982421875, 0.33856201171875, -0.605926513671875, 0.0557861328125
-0.9998779296875, -0.9998779296875, 0.9998779296875, 0.3321533203125, -0.4947509765625, 0.195404052734375
-0.935211181640625, -0.9998779296875, 0.9998779296875, 0.24713134765625, -0.371673583984375, 0.247650146484375
-0.2467041015625, 0.609954833984375, 0.9998779296875, 0.037445068359375, -0.06927490234375, 0.284759521484375
-0.10479736328125, 0.244781494140625, -0.107666015625, -0.3310546875, 0.15045166015625, -0.051422119140625
-0.0789794921875, -0.136077880859375, 0.067657470703125, -0.334930419921875, 0.112060546875, -0.100189208984375
-0.015106201171875, -0.431915283203125, 0.06524658203125, -0.1123046875, 0.058319091796875, -0.097930908203125
0.0531005859375, -0.40521240234375, 0.05377197265625, 0.04254150390625, 0.01202392578125, 0.004058837890625
0.049346923828125, -0.278778076171875, 0.082305908203125, 0.017425537109375, 0.01336669921875, 0.0159912109375
0.05645751953125, -0.119964599609375, 0.06549072265625, -0.018768310546875, 0.0145263671875, 0.029266357421875
0.06439208984375, -0.082794189453125, 0.05303955078125, -0.01812744140625, 0.00537109375, 0.021728515625
0.074951171875, -0.088470458984375, 0.064208984375, -0.021270751953125, 0.001434326171875, 0.017608642578125
0.08587646484375, -0.1080322265625, 0.0870361328125, -0.01324462890625, -0.005126953125, 0.012939453125
0.093902587890625, -0.08612060546875, 0.184814453125, -0.03057861328125, -0.008270263671875, 0.001678466796875
0.096435546875, -0.08770751953125, 0.20050048828125, -0.029327392578125, -0.003570556640625, -0.00494384765625
0.08966064453125, -0.11492919921875, 0.193634033203125, -0.030303955078125, 0.001708984375, -0.01043701171875
0.075042724609375, -0.132720947265625, 0.16741943359375, -0.011688232421875, 0.005126953125, -0.015411376953125
0.069366455078125, -0.1451416015625, 0.15625, -0.00457763671875, 0.005340576171875, -0.016876220703125
0.06488037109375, -0.175750732421875, 0.142852783203125, 0.0006103515625, 0.004547119140625, -0.018218994140625
0.070343017578125, -0.19580078125, 0.17138671875, -0.017486572265625, 0.004486083984375, -0.01275634765625
0.069366455078125, -0.190032958984375, 0.17529296875, -0.02142333984375, 0.0054931640625, -0.010986328125
0.068328857421875, -0.16339111328125, 0.173004150390625, -0.023895263671875, 0.00750732421875, -0.0079345703125
0.06549072265625, -0.152099609375, 0.160614013671875, -0.01239013671875, 0.005950927734375, -0.010223388671875
0.063201904296875, -0.159515380859375, 0.15643310546875, -0.0106201171875, 0.005126953125, -0.01104736328125
0.060089111328125, -0.16583251953125, 0.15093994140625, -0.00616455078125, 0.00262451171875, -0.01177978515625

-0.290618896484375, -0.9998779296875, -0.034942626953125, 0.043792724609375, -0.085479736328125, 0.0933837890625
-0.996856689453125, -0.73028564453125, 0.9986572265625, 0.10986328125, -0.164215087890625, 0.32940673828125
-0.929779052734375, -0.3380126953125, 0.9998779296875, 0.078338623046875, -0.135040283203125, 0.362274169921875
-0.48968505859375, 0.88372802734375, 0.9998779296875, 0.008148193359375, 0.02435302734375, 0.354766845703125
-0.344757080078125, 0.129852294921875, -0.639556884765625, -0.05621337890625, 0.3458251953125, 0.019927978515625
-0.043121337890625, 0.1495361328125, -0.9998779296875, -0.049560546875, 0.298797607421875, 0.0130615234375
0.03924560546875, 0.45703125, -0.53570556640625, -0.102691650390625, 0.134490966796875, -0.0189208984375
0.05303955078125, -0.202667236328125, 0.382537841796875, -0.185333251953125, 0.0994873046875, -0.08197021484375
0.0421142578125, -0.193572998046875, 0.268096923828125, -0.17987060546875, 0.1241455078125, -0.067596435546875
0.065521240234375, -0.09320068359375, -0.0816650390625, -0.14239501953125, 0.14703369140625, -0.04473876953125
0.1217041015625, 0.060028076171875, -0.203826904296875, -0.1478271484375, 0.093017578125, -0.055328369140625
0.119171142578125, 0.046356201171875, -0.158477783203125, -0.14996337890625, 0.079345703125, -0.063385009765625
0.122589111328125, -0.033233642578125, -0.06756591796875, -0.132659912109375, 0.060211181640625, -0.07452392578125
0.130096435546875, -0.0447998046875, -0.011566162109375, -0.064910888671875, 0.049102783203125, -0.07275390625
0.13543701171875, -0.070648193359375, -0.018798828125, -0.058074951171875, 0.049468994140625, -0.073638916015625
0.13067626953125, -0.1485595703125, -0.060516357421875, -0.045440673828125, 0.049468994140625, -0.07183837890625
0.140594482421875, -0.168914794921875, -0.2626953125, -0.020355224609375, 0.03460693359375, -0.05206298828125
0.14654541015625, -0.1441650390625, -0.34136962890625, -0.013671875, 0.024932861328125, -0.047821044921875
0.141357421875, -0.081085205078125, -0.49578857421875, 0.000396728515625, -0.006103515625, -0.045013427734375
-0.112457275390625, 0.04150390625, -0.93585205078125, 0.009246826171875, -0.19134521484375, -0.076202392578125
-0.551910400390625, 0.01995849609375, -0.9998779296875, 0.0321044921875, -0.270721435546875, -0.094512939453125
-0.9998779296875, -0.4150390625, -0.9998779296875, 0.116668701171875, -0.45556640625, -0.144439697265625
-0.9998779296875, -0.9998779296875, -0.037445068359375, 0.2730712890625, -0.663665771484375, -0.10968017578125
-0.9998779296875, -0.9998779296875, 0.35894775390625, 0.297149658203125, -0.6666259765625, -0.07562255859375
-0.9998779296875, -0.9998779296875, 0.9998779296875, 0.184600830078125, -0.5902099609375, 0.07196044921875
-0.200653076171875, 0.9998779296875, 0.9998779296875, -0.162750244140625, 0.0494384765625, 0.254547119140625
-0.157958984375, 0.9998779296875, 0.438720703125, -0.216156005859375, 0.138763427734375, 0.150054931640625
-0.19293212890625, 0.341552734375, -0.0667724609375, -0.25030517578125, 0.152008056640625, -0.0634765625
-0.028472900390625, -0.631134033203125, 0.083038330078125, -0.036224365234375, 0.031768798828125, -0.090850830078125
0.014404296875, -0.619659423828125, 0.14715576171875, 0.00567626953125, 0.016754150390625, -0.05914306640625
0.041778564453125, -0.506683349609375, 0.199554443359375, 0.046112060546875, 0.0146484375, 0.02093505859375
0.020050048828125, -0.178985595703125, 0.08013916015625, 0.01239013671875, 0.02337646484375, 0.052215576171875
0.0238037109375, -0.126617431640625, 0.068206787109375, 0.007568359375, 0.022247314453125, 0.05389404296875
0.04046630859375, -0.0526123046875, 0.06292724609375, -0.00299072265625, 0.017578125, 0.04840087890625
0.0765380859375, -0.054840087890625, 0.09283447265625, -0.023895263671875, 0.0072021484375, 0.015777587890625
0.087066650390625, -0.06591796875, 0.112213134765625, -0.033294677734375, 0.00604248046875, 0.011322021484375
0.095367431640625, -0.08001708984375, 0.148406982421875, -0.0452880859375, 0.0047607421875, -0.00115966796875
0.083892822265625, -0.089874267578125, 0.161468505859375, -0.027801513671875, 0.0030517578125, -0.009674072265625
0.079864501953125, -0.094940185546875, 0.161865234375, -0.02020263671875, 0.001953125, -0.012603759765625
0.06939697265625, -0.146240234375, 0.160980224609375, -0.0013427734375, -0.0003662109375, -0.021087646484375
0.062164306640625, -0.19671630859375, 0.1588134765625, 0.00311279296875, -0.000091552734375, -0.020172119140625
0.06182861328125, -0.207061767578125, 0.15765380859375, -0.0010986328125, 0.000640869140625, -0.0186767578125
0.065093994140625, -0.210845947265625, 0.163238525390625, -0.017913818359375, 0.00262451171875, -0.011383056640625
0.068695068359375, -0.16461181640625, 0.17755126953125, -0.029632568359375, 0.004425048828125, -0.00469970703125
0.066497802734375, -0.145172119140625, 0.1781005859375, -0.0291748046875, 0.00482177734375, -0.004058837890625
0.06414794921875, -0.127227783203125, 0.179595947265625, -0.02374267578125, 0.004791259765625, -0.006256103515625
0.056915283203125, -0.15234375, 0.20654296875, -0.021942138671875, 0.008392333984375, -0.018035888671875
0.051666259765625, -0.170867919921875, 0.202484130859375, -0.026519775390625, 0.01177978515625, -0.019287109375
0.045318603515625, -0.2041015625, 0.205230712890625, -0.03668212890625, 0.015106201171875, -0.013885498046875
0.045623779296875, -0.202667236328125, 0.20556640625, -0.037139892578125, 0.015228271484375, -0.010894775390625

-0.23681640625, -0.748626708984375, -0.641387939453125, 0.11151123046875, -0.14715576171875, -0.04534912109375
-0.63714599609375, -0.9998779296875, -0.484039306640625, 0.216888427734375, -0.271881103515625, 0.0084228515625
-0.9998779296875, -0.93841552734375, 0.9998779296875, 0.0828857421875, -0.2884521484375, 0.508026123046875
-0.9998779296875, -0.049102783203125, 0.9998779296875, 0.015838623046875, -0.192626953125, 0.54901123046875
-0.330657958984375, 0.9998779296875, 0.948394775390625, -0.16632080078125, 0.185150146484375, 0.36126708984375
-0.110748291015625, 0.83709716796875, -0.19891357421875, -0.167388916015625, 0.238739013671875, -0.006103515625
-0.134063720703125, 0.329559326171875, -0.25689697265625, -0.153228759765625, 0.209228515625, -0.0703125
0.07861328125, -0.186798095703125, -0.407958984375, -0.15423583984375, 0.09674072265625, -0.078369140625
0.1090087890625, 0.3148193359375, 0.214019775390625, -0.191314697265625, 0.023529052734375, -0.063812255859375
0.11077880859375, 0.3118896484375, 0.308349609375, -0.2052001953125, 0.032257080078125, -0.0806884765625
0.08978271484375, 0.12542724609375, 0.221160888671875, -0.19134521484375, 0.07177734375, -0.117523193359375
0.06207275390625, -0.000030517578125, 0.047943115234375, -0.115814208984375, 0.074188232421875, -0.118927001953125
0.10198974609375, -0.060638427734375, -0.04290771484375, -0.084808349609375, 0.064788818359375, -0.1142578125
0.137603759765625, -0.07867431640625, -0.107879638671875, -0.07647705078125, 0.045379638671875, -0.089996337890625
0.1707763671875, -0.034027099609375, -0.06396484375, -0.090118408203125, 0.02435302734375, -0.08154296875
0.181488037109375, -0.004547119140625, -0.052734375, -0.09161376953125, 0.020111083984375, -0.078521728515625
0.185150146484375, 0.033782958984375, -0.07354736328125, -0.0821533203125, 0.009857177734375, -0.07916259765625
0.127838134765625, 0.01678466796875, -0.30352783203125, -0.0277099609375, -0.024810791015625, -0.08538818359375
0.09869384765625, 0.010833740234375, -0.3502197265625, -0.010833740234375, -0.043243408203125, -0.08880615234375
0.02301025390625, -0.028472900390625, -0.41790771484375, 0.0172119140625, -0.09014892578125, -0.100067138671875
-0.325408935546875, -0.318206787109375, -0.7000732421875, 0.09912109375, -0.215362548828125, -0.11651611328125
-0.527069091796875, -0.427642822265625, -0.840606689453125, 0.13677978515625, -0.261688232421875, -0.115447998046875
-0.9998779296875, -0.923492431640625, -0.9998779296875, 0.239471435546875, -0.390106201171875, -0.108062744140625
-0.9998779296875, -0.9998779296875, 0.29364013671875, 0.294342041015625, -0.5911865234375, 0.05810546875
-0.9998779296875, -0.9998779296875, 0.9998779296875, 0.176025390625, -0.532806396484375, 0.161956787109375
-0.587677001953125, 0.873260498046875, 0.9998779296875, -0.0250244140625, -0.0958251953125, 0.36236572265625
-0.18231201171875, 0.588104248046875, 0.121856689453125, -0.337860107421875, 0.227386474609375, 0.04388427734375
-0.09698486328125, 0.023956298828125, -0.25836181640625, -0.35595703125, 0.224212646484375, -0.038726806640625
0.014862060546875, -0.291534423828125, -0.581207275390625, -0.157928466796875, 0.118316650390625, -0.074676513671875
0.063262939453125, -0.3985595703125, 0.1201171875, 0.119415283203125, -0.052703857421875, -0.040008544921875
0.072601318359375, -0.434722900390625, 0.22027587890625, 0.108856201171875, -0.05029296875, -0.028167724609375
0.062896728515625, -0.31671142578125, 0.224395751953125, 0.04193115234375, -0.00177001953125, 0.01788330078125
0.066131591796875, -0.14166259765625, 0.093017578125, -0.031097412109375, 0.0318603515625, 0.030792236328125
0.073028564453125, -0.10528564453125, 0.052490234375, -0.035888671875, 0.03485107421875, 0.029571533203125
0.091949462890625, -0.06805419921875, -0.003143310546875, -0.041717529296875, 0.030517578125, 0.0213623046875
0.121368408203125, -0.086517333984375, 0.06622314453125, -0.0390625, 0.00360107421875, -0.00006103515625
0.11859130859375, -0.07928466796875, 0.087432861328125, -0.04254150390625, 0.00140380859375, -0.003143310546875
0.1162109375, -0.078887939453125, 0.113616943359375, -0.039794921875, -0.000579833984375, -0.01123046875
0.0997314453125, -0.134246826171875, 0.0977783203125, -0.0076904296875, -0.0040283203125, -0.025299072265625
0.09423828125, -0.152557373046875, 0.09185791015625, -0.00360107421875, -0.005615234375, -0.027099609375
0.086822509765625, -0.175872802734375, 0.09222412109375, -0.002655029296875, -0.00885009765625, -0.028228759765625
0.074493408203125, -0.225128173828125, 0.191619873046875, -0.027862548828125, -0.008392333984375, -0.024749755859375
0.075164794921875, -0.2230224609375, 0.214935302734375, -0.030303955078125, -0.0054931640625, -0.02081298828125
0.071075439453125, -0.2169189453125, 0.227203369140625, -0.028350830078125, 0.006195068359375, -0.01788330078125
0.0648193359375, -0.20849609375, 0.20025634765625, -0.02398681640625, 0.0128173828125, -0.015228271484375
0.060638427734375, -0.2041015625, 0.18255615234375, -0.021087646484375, 0.014801025390625, -0.01422119140625
0.055389404296875, -0.1961669921875, 0.152313232421875, -0.018524169921875, 0.0157470703125, -0.013275146484375
0.05084228515625, -0.203094482421875, 0.164398193359375, -0.026123046875, 0.010009765625, -0.013641357421875
0.05230712890625, -0.205474853515625, 0.179290771484375, -0.030487060546875, 0.010162353515625, -0.013214111328125
0.057342529296875, -0.202972412109375, 0.195831298828125, -0.04156494140625, 0.01531982421875, -0.00994873046875

-0.08416748046875, -0.4224853515625, -0.999847412109375, 0.043060302734375, -0.034027099609375, -0.056884765625
-0.9998779296875, -0.9998779296875, -0.0833740234375, 0.205718994140625, -0.427032470703125, 0.126739501953125
-0.9998779296875, -0.9998779296875, 0.815185546875, 0.180145263671875, -0.463470458984375, 0.24407958984375
-0.9998779296875, -0.997955322265625, 0.9998779296875, 0.13043212890625, -0.388458251953125, 0.414215087890625
-0.22021484375, 0.9998779296875, 0.9998779296875, 0.037261962890625, 0.14349365234375, 0.316864013671875
-0.088287353515625, 0.9998779296875, 0.556549072265625, -0.02044677734375, 0.208221435546875, 0.19744873046875
-0.18353271484375, 0.521148681640625, -0.102020263671875, -0.180938720703125, 0.225311279296875, -0.02020263671875
0.068572998046875, -0.29498291015625, 0.184906005859375, -0.130462646484375, 0.080474853515625, -0.03204345703125
0.08349609375, -0.159698486328125, 0.27099609375, -0.08880615234375, 0.075286865234375, -0.00958251953125
0.11572265625, 0.10943603515625, 0.342864990234375, -0.051971435546875, 0.0882568359375, 0.00592041015625
0.105010986328125, 0.12811279296875, -0.06536865234375, -0.034454345703125, 0.113067626953125, -0.035247802734375
0.11614990234375, 0.09051513671875, -0.10064697265625, -0.0341796875, 0.102569580078125, -0.0435791015625
0.133636474609375, 0.03436279296875, -0.094818115234375, -0.051666259765625, 0.07794189453125, -0.056488037109375
0.159576416015625, 0.02557373046875, 0.087982177734375, -0.1080322265625, 0.05120849609375, -0.062652587890625
0.160369873046875, 0.01953125, 0.125030517578125, -0.12066650390625, 0.0552978515625, -0.0672607421875
0.162139892578125, 0.040130615234375, 0.10723876953125, -0.1275634765625, 0.063446044921875, -0.071502685546875
0.1422119140625, 0.045623779296875, -0.034698486328125, -0.111419677734375, 0.06494140625, -0.089080810546875
0.13299560546875, 0.045806884765625, -0.06048583984375, -0.09576416015625, 0.061309814453125, -0.092559814453125
0.10443115234375, 0.04132080078125, -0.094696044921875, -0.10150146484375, 0.048614501953125, -0.102630615234375
0.082489013671875, -0.058380126953125, -0.19140625, -0.07867431640625, 0.0174560546875, -0.1187744140625
0.082122802734375, -0.13323974609375, -0.338714599609375, -0.02947998046875, -0.013153076171875, -0.11822509765625
-0.07061767578125, -0.21136474609375, -0.849639892578125, 0.0709228515625, -0.08587646484375, -0.1146240234375
-0.705596923828125, -0.57373046875, -0.9998779296875, 0.10137939453125, -0.291473388671875, -0.112548828125
-0.9873046875, -0.805877685546875, -0.9998779296875, 0.10919189453125, -0.387939453125, -0.10223388671875
-0.9998779296875, -0.9998779296875, -0.560455322265625, 0.188018798828125, -0.53802490234375, -0.060272216796875
-0.9998779296875, -0.9998779296875, 0.9998779296875, 0.216522216796875, -0.59320068359375, 0.0556640625
-0.9998779296875, -0.9998779296875, 0.9998779296875, 0.19927978515625, -0.52838134765625, 0.110015869140625
-0.218780517578125, 0.700958251953125, 0.942626953125, -0.128753662109375, 0.117431640625, 0.1392822265625
-0.25030517578125, 0.5928955078125, 0.399017333984375, -0.21630859375, 0.18817138671875, 0.06756591796875
-0.258026123046875, 0.251373291015625, 0.103851318359375, -0.276519775390625, 0.212158203125, -0.00750732421875
-0.166748046875, -0.29168701171875, -0.089324951171875, -0.271026611328125, 0.17852783203125, -0.09185791015625
0.034088134765625, -0.413665771484375, -0.031341552734375, 0.0059814453125, 0.02813720703125, -0.043212890625
0.025604248046875, -0.413543701171875, -0.025848388671875, 0.06219482421875, 0.000152587890625, -0.0137939453125
0.0084228515625, -0.32159423828125, 0.011199951171875, 0.060333251953125, -0.015838623046875, 0.010345458984375
0.002716064453125, -0.1962890625, 0.08599853515625, 0.028900146484375, -0.0284423828125, 0.031585693359375
0.00872802734375, -0.161468505859375, 0.120819091796875, 0.01666259765625, -0.028656005859375, 0.033447265625
0.056396484375, -0.09674072265625, 0.207611083984375, -0.028656005859375, -0.008087158203125, 0.02203369140625
0.06365966796875, -0.0830078125, 0.21783447265625, -0.0338134765625, -0.002838134765625, 0.018096923828125
0.06793212890625, -0.07684326171875, 0.221710205078125, -0.039154052734375, 0.00201416015625, 0.013671875
0.070953369140625, -0.094482421875, 0.202972412109375, -0.041107177734375, 0.011444091796875, 0.00323486328125
0.046875, -0.1209716796875, 0.13775634765625, -0.032379150390625, 0.015167236328125, -0.010498046875
0.04083251953125, -0.1268310546875, 0.126495361328125, -0.023590087890625, 0.012359619140625, -0.01312255859375
0.030487060546875, -0.173187255859375, 0.148834228515625, -0.0057373046875, 0.00164794921875, -0.019775390625
0.030670166015625, -0.250152587890625, 0.192840576171875, -0.009552001953125, 0.00042724609375, -0.0152587890625
0.03271484375, -0.250823974609375, 0.198577880859375, -0.015350341796875, 0.00238037109375, -0.011474609375
0.0341796875, -0.22918701171875, 0.184112548828125, -0.01910400390625, 0.00677490234375, -0.00299072265625
0.03887939453125, -0.161346435546875, 0.16461181640625, -0.01080322265625, 0.006134033203125, 0.003326416015625
0.034698486328125, -0.160430908203125, 0.1650390625, -0.008636474609375, 0.00482177734375, 0.003204345703125
0.04180908203125, -0.17913818359375, 0.1478271484375, -0.0025634765625, 0.00262451171875, 0.00225830078125
0.042266845703125, -0.136138916015625, 0.211181640625, -0.014556884765625, 0.0035400390625, -0.001953125

-0.04449462890625, -0.911590576171875, -0.586334228515625, -0.0836181640625, 0.072113037109375, -0.020050048828125
-0.9998779296875, -0.9998779296875, -0.467498779296875, 0.161407470703125, -0.307769775390625, 0.205322265625
-0.9998779296875, -0.9998779296875, 0.9998779296875, 0.205230712890625, -0.3775634765625, 0.33941650390625
-0.422210693359375, 0.9998779296875, 0.9998779296875, -0.0238037109375, 0.151458740234375, 0.33642578125
-0.283416748046875, 0.9998779296875, 0.54541015625, -0.065643310546875, 0.22686767578125, 0.2550048828125
-0.197235107421875, 0.670013427734375, -0.045989990234375, -0.138824462890625, 0.24713134765625, 0.06561279296875
0.0516357421875, -0.177154541015625, -0.2779541015625, -0.1204833984375, 0.132171630859375, -0.02099609375
0.0894775390625, -0.076446533203125, -0.168548583984375, -0.083160400390625, 0.093963623046875, -0.003387451171875
0.1114501953125, 0.11163330078125, 0.1566162109375, -0.019073486328125, 0.04791259765625, 0.00927734375
0.088531494140625, 0.1490478515625, 0.02178955078125, -0.0635986328125, 0.11285400390625, -0.044830322265625
0.104736328125, 0.093353271484375, -0.08099365234375, -0.081939697265625, 0.113616943359375, -0.054779052734375
0.10919189453125, 0.001800537109375, -0.123321533203125, -0.12066650390625, 0.094390869140625, -0.066070556640625
0.148345947265625, -0.0360107421875, 0.074859619140625, -0.17840576171875, 0.062103271484375, -0.06158447265625
0.157135009765625, -0.01177978515625, 0.126495361328125, -0.184722900390625, 0.062103271484375, -0.05859375
0.167266845703125, 0.0125732421875, 0.14666748046875, -0.175872802734375, 0.070953369140625, -0.057281494140625
0.176422119140625, 0.005584716796875, -0.124237060546875, -0.110198974609375, 0.0770263671875, -0.0579833984375
0.15911865234375, 0.011871337890625, -0.182952880859375, -0.08843994140625, 0.070037841796875, -0.056671142578125
0.160736083984375, 0.045867919921875, -0.237030029296875, -0.07037353515625, 0.048553466796875, -0.059112548828125
0.13409423828125, -0.021759033203125, -0.25579833984375, -0.033294677734375, -0.018524169921875, -0.076019287109375
0.125091552734375, -0.027313232421875, -0.2476806640625, -0.033477783203125, -0.032958984375, -0.0775146484375
0.101715087890625, -0.0352783203125, -0.246124267578125, -0.028350830078125, -0.060882568359375, -0.079925537109375
0.0499267578125, -0.0850830078125, -0.3695068359375, 0.000213623046875, -0.10528564453125, -0.081756591796875
-0.002288818359375, -0.089691162109375, -0.468231201171875, 0.018463134765625, -0.125518798828125, -0.081512451171875
-0.9998779296875, -0.64447021484375, -0.9998779296875, 0.2052001953125, -0.414337158203125, -0.100372314453125
-0.9998779296875, -0.9998779296875, -0.97186279296875, 0.343658447265625, -0.56866455078125, -0.11639404296875
-0.9998779296875, -0.9998779296875, -0.798095703125, 0.399322509765625, -0.63214111328125, -0.11138916015625
-0.9998779296875, -0.9998779296875, 0.9998779296875, 0.301483154296875, -0.651519775390625, 0.02691650390625
-0.740081787109375, -0.036529541015625, 0.9998779296875, -0.01031494140625, -0.172943115234375, 0.343902587890625
-0.457733154296875, 0.9998779296875, 0.9998779296875, -0.13739013671875, 0.013580322265625, 0.3353271484375
-0.112213134765625, -0.53564453125, -0.356201171875, -0.23858642578125, 0.158843994140625, -0.121673583984375
-0.011199951171875, -0.549285888671875, -0.1868896484375, -0.053741455078125, 0.057037353515625, -0.075469970703125
0.04046630859375, -0.512176513671875, -0.05859375, -0.000946044921875, 0.02301025390625, -0.049072265625
0.061981201171875, -0.48797607421875, 0.057525634765625, 0.05780029296875, -0.00384521484375, -0.006134033203125
0.0313720703125, -0.2008056640625, 0.04730224609375, 0.03167724609375, -0.004302978515625, 0.049652099609375
0.0369873046875, -0.12481689453125, 0.070220947265625, -0.003448486328125, -0.004150390625, 0.05010986328125
0.067413330078125, -0.030914306640625, 0.099517822265625, -0.010101318359375, -0.003173828125, 0.039215087890625
0.096771240234375, -0.0177001953125, 0.15460205078125, -0.032745361328125, 0.002532958984375, 0.01727294921875
0.100128173828125, -0.02301025390625, 0.158966064453125, -0.032867431640625, 0.00543212890625, 0.01031494140625
0.096771240234375, -0.04718017578125, 0.16510009765625, -0.039398193359375, 0.01055908203125, -0.0032958984375
0.0850830078125, -0.126251220703125, 0.144317626953125, -0.043853759765625, 0.0155029296875, -0.020416259765625
0.080169677734375, -0.1375732421875, 0.136871337890625, -0.04241943359375, 0.01470947265625, -0.02197265625
0.07550048828125, -0.161956787109375, 0.13397216796875, -0.0350341796875, 0.010833740234375, -0.023773193359375
0.057952880859375, -0.20086669921875, 0.115997314453125, 0.001129150390625, -0.001007080078125, -0.020416259765625
0.058929443359375, -0.212066650390625, 0.123687744140625, 0.0020751953125, -0.002777099609375, -0.01910400390625
0.064300537109375, -0.24310302734375, 0.169677734375, -0.01171875, -0.003753662109375, -0.01226806640625
0.064300537109375, -0.19818115234375, 0.176361083984375, -0.0225830078125, 0.001129150390625, -0.001068115234375
0.063629150390625, -0.1807861328125, 0.177398681640625, -0.02215576171875, 0.002410888671875, 0.00030517578125
0.057403564453125, -0.168792724609375, 0.160552978515625, -0.011505126953125, 0.003753662109375, 0.0001220703125
0.058868408203125, -0.1407470703125, 0.182525634765625, -0.01068115234375, 0.00689697265625, -0.00885009765625
0.058502197265625, -0.149261474609375, 0.16949462890625, -0.012420654296875, 0.00775146484375, -0.01080322265625

-0.305084228515625, -0.9998779296875, 0.20330810546875, -0.065521240234375, -0.045654296875, 0.106201171875
-0.435028076171875, -0.9998779296875, 0.158294677734375, -0.0384521484375, -0.051116943359375, 0.16961669921875
-0.648406982421875, -0.124908447265625, 0.9998779296875, 0.002197265625, -0.05877685546875, 0.315338134765625
-0.324798583984375, 0.9998779296875, 0.9998779296875, -0.053314208984375, 0.191497802734375, 0.230926513671875
-0.311431884765625, 0.9998779296875, 0.79461669921875, -0.0177001953125, 0.24652099609375, 0.1767578125
-0.39923095703125, 0.669281005859375, 0.407440185546875, -0.050506591796875, 0.29339599609375, 0.047943115234375
-0.061309814453125, 0.509857177734375, -0.611083984375, 0.012603759765625, 0.266876220703125, -0.0089111328125
0.014129638671875, 0.747314453125, -0.659454345703125, -0.000885009765625, 0.21514892578125, -0.02294921875
-0.04937744140625, 0.27496337890625, -0.065338134765625, -0.14263916015625, 0.069091796875, -0.1790771484375
-0.057769775390625, -0.143829345703125, 0.31597900390625, -0.19561767578125, 0.059814453125, -0.189849853515625
-0.028076171875, -0.196441650390625, 0.349212646484375, -0.189239501953125, 0.071380615234375, -0.17596435546875
0.016693115234375, -0.089996337890625, 0.07830810546875, -0.140411376953125, 0.1063232421875, -0.128082275390625
0.0218505859375, -0.022705078125, -0.22149658203125, -0.078094482421875, 0.085205078125, -0.121795654296875
0.029052734375, -0.061737060546875, -0.261993408203125, -0.06494140625, 0.07080078125, -0.1246337890625
0.064849853515625, -0.179412841796875, -0.24908447265625, -0.060455322265625, 0.03900146484375, -0.12542724609375
0.12548828125, -0.1893310546875, -0.347900390625, -0.023040771484375, -0.009613037109375, -0.09368896484375
0.113189697265625, -0.175384521484375, -0.429168701171875, -0.012115478515625, -0.024078369140625, -0.089111328125
0.073028564453125, -0.1651611328125, -0.607574462890625, 0.011260986328125, -0.067596435546875, -0.08544921875
-0.84490966796875, -0.27471923828125, -0.9998779296875, 0.1387939453125, -0.336212158203125, -0.103363037109375
-0.9998779296875, -0.44329833984375, -0.9998779296875, 0.16485595703125, -0.421630859375, -0.12078857421875
-0.9998779296875, -0.9998779296875, -0.478240966796875, 0.249664306640625, -0.625732421875, -0.1278076171875
-0.9998779296875, -0.9998779296875, 0.9998779296875, 0.203033447265625, -0.629791259765625, 0.03045654296875
-0.9998779296875, -0.9998779296875, 0.9998779296875, 0.14642333984375, -0.563873291015625, 0.124755859375
-0.88848876953125, -0.533203125, 0.9998779296875, -0.087249755859375, -0.094482421875, 0.33575439453125
-0.22772216796875, 0.97149658203125, 0.123626708984375, -0.3475341796875, 0.2236328125, 0.019805908203125
-0.2203369140625, 0.28619384765625, -0.014617919921875, -0.354461669921875, 0.214630126953125, -0.09100341796875
-0.10162353515625, -0.428070068359375, -0.22857666015625, -0.21502685546875, 0.141143798828125, -0.15325927734375
0.046142578125, -0.517791748046875, 0.14520263671875, 0.057586669921875, -0.02496337890625, -0.045654296875
0.054718017578125, -0.484100341796875, 0.13226318359375, 0.074066162109375, -0.02099609375, -0.0244140625
0.041229248046875, -0.3624267578125, 0.080047607421875, 0.07269287109375, -0.01373291015625, 0.009124755859375
0.038116455078125, -0.151458740234375, 0.113983154296875, 0.0155029296875, -0.014373779296875, 0.028594970703125
0.0477294921875, -0.137420654296875, 0.13116455078125, -0.001434326171875, -0.012420654296875, 0.02593994140625
0.064361572265625, -0.122772216796875, 0.16436767578125, -0.026092529296875, -0.00640869140625, 0.020782470703125
0.086029052734375, -0.093597412109375, 0.225616455078125, -0.05889892578125, 0.009979248046875, 0.006744384765625
0.089019775390625, -0.097198486328125, 0.223785400390625, -0.060882568359375, 0.01507568359375, 0.002838134765625
0.085968017578125, -0.125, 0.20587158203125, -0.06622314453125, 0.0257568359375, -0.007568359375
0.065887451171875, -0.139007568359375, 0.1246337890625, -0.044036865234375, 0.027099609375, -0.016082763671875
0.0633544921875, -0.14874267578125, 0.120391845703125, -0.04278564453125, 0.024078369140625, -0.017333984375
0.057373046875, -0.1829833984375, 0.11090087890625, -0.03521728515625, 0.017425537109375, -0.018951416015625
0.067626953125, -0.2640380859375, 0.13690185546875, -0.04034423828125, 0.008331298828125, -0.013153076171875
0.06805419921875, -0.270782470703125, 0.14031982421875, -0.04168701171875, 0.0067138671875, -0.007598876953125
0.067901611328125, -0.1900634765625, 0.1685791015625, -0.045318603515625, 0.003662109375, 0.0098876953125
0.0751953125, -0.086822509765625, 0.18359375, -0.0260009765625, 0.0008544921875, 0.0130615234375
0.073944091796875, -0.0753173828125, 0.1873779296875, -0.020660400390625, 0, 0.010711669921875
0.0758056640625, -0.080780029296875, 0.189910888671875, -0.015533447265625, -0.0008544921875, 0.0008544921875
0.076934814453125, -0.12225341796875, 0.2342529296875, -0.041839599609375, 0.00341796875, -0.006561279296875
0.074798583984375, -0.125732421875, 0.240203857421875, -0.051513671875, 0.006927490234375, -0.006622314453125
0.063507080078125, -0.1199951171875, 0.217620849609375, -0.06378173828125, 0.012786865234375, -0.0050048828125
0.072113037109375, -0.096221923828125, 0.18853759765625, -0.06646728515625, 0.014312744140625, -0.002471923828125
0.072265625, -0.084747314453125, 0.189788818359375, -0.06573486328125, 0.012786865234375, -0.00225830078125

-0.21533203125, -0.718475341796875, 0.356414794921875, -0.066162109375, -0.081207275390625, 0.102203369140625
-0.31488037109375, -0.40985107421875, 0.9998779296875, 0.0517578125, -0.086334228515625, 0.185882568359375
-0.242523193359375, 0.53216552734375, 0.9998779296875, 0.107757568359375, 0.12200927734375, 0.193817138671875
-0.243896484375, 0.56317138671875, 0.984222412109375, 0.08837890625, 0.1619873046875, 0.16900634765625
-0.2850341796875, 0.473388671875, 0.56829833984375, 0.04345703125, 0.239532470703125, 0.08526611328125
-0.102020263671875, 0.103424072265625, -0.42071533203125, 0.03460693359375, 0.221832275390625, 0.058868408203125
-0.015106201171875, 0.253662109375, -0.4891357421875, 0.064208984375, 0.177978515625, 0.06427001953125
0.19219970703125, 0.575592041015625, -0.0316162109375, 0.012664794921875, 0.0762939453125, 0.006378173828125
0.15252685546875, 0.356964111328125, 0.065521240234375, -0.0703125, 0.070098876953125, -0.073822021484375
0.12164306640625, 0.272491455078125, 0.019195556640625, -0.081939697265625, 0.07098388671875, -0.091461181640625
0.071197509765625, 0.09075927734375, -0.092193603515625, -0.0985107421875, 0.060638427734375, -0.112213134765625
0.117889404296875, -0.09228515625, -0.08758544921875, -0.121673583984375, -0.012603759765625, -0.08172607421875
0.132080078125, -0.0064697265625, 0.06756591796875, -0.146331787109375, -0.01708984375, -0.075408935546875
0.16583251953125, -0.013824462890625, 0.110443115234375, -0.105712890625, -0.0167236328125, -0.06304931640625
0.164154052734375, 0.04119873046875, 0.063507080078125, -0.09307861328125, -0.016204833984375, -0.05633544921875
0.170379638671875, 0.193359375, 0.10491943359375, -0.085052490234375, -0.015838623046875, -0.061431884765625
0.10577392578125, 0.149627685546875, -0.013458251953125, -0.08331298828125, -0.012298583984375, -0.09698486328125
0.0084228515625, -0.03106689453125, -0.343658447265625, -0.06512451171875, -0.05352783203125, -0.113525390625
-0.0296630859375, -0.108612060546875, -0.38482666015625, -0.073272705078125, -0.078887939453125, -0.114532470703125
-0.23345947265625, -0.629791259765625, -0.560089111328125, -0.02569580078125, -0.148529052734375, -0.098052978515625
-0.824432373046875, -0.9998779296875, -0.532470703125, 0.270965576171875, -0.378021240234375, 0.1510009765625
-0.9998779296875, -0.9998779296875, 0.374542236328125, 0.310455322265625, -0.44207763671875, 0.24493408203125
-0.9998779296875, -0.9998779296875, 0.9998779296875, 0.266815185546875, -0.39117431640625, 0.46502685546875
-0.6427001953125, 0.9998779296875, 0.9998779296875, 0.184967041015625, 0.097625732421875, 0.444305419921875
-0.194061279296875, 0.9998779296875, 0.85198974609375, 0.156982421875, 0.24237060546875, 0.20330810546875
-0.12701416015625, 0.611328125, -0.716033935546875, -0.302734375, 0.144622802734375, -0.130584716796875
0.021697998046875, -0.384765625, 0.057891845703125, -0.294891357421875, 0.02777099609375, -0.13543701171875
0.035491943359375, -0.274688720703125, 0.310211181640625, -0.25830078125, 0.00311279296875, -0.10992431640625
0.087677001953125, -0.214080810546875, 0.32275390625, -0.151123046875, 0.006561279296875, -0.075775146484375
0.1112060546875, -0.30694580078125, 0.073944091796875, 0.06402587890625, 0.010101318359375, -0.01519775390625
0.11309814453125, -0.263824462890625, 0.027252197265625, 0.069915771484375, 0.00775146484375, -0.0009765625
0.115966796875, -0.174041748046875, -0.012176513671875, 0.059356689453125, -0.002044677734375, 0.016845703125
0.1248779296875, -0.05072021484375, 0.11541748046875, -0.02423095703125, -0.023406982421875, 0.017486572265625
0.1258544921875, -0.0372314453125, 0.145782470703125, -0.03155517578125, -0.02484130859375, 0.015167236328125
0.1319580078125, 0.000732421875, 0.219268798828125, -0.044769287109375, -0.023895263671875, 0.008880615234375
0.1383056640625, 0.033416748046875, 0.278228759765625, -0.056915283203125, -0.005859375, -0.009307861328125
0.137847900390625, 0.02777099609375, 0.253082275390625, -0.0556640625, -0.00006103515625, -0.014434814453125
0.125, -0.0118408203125, 0.194793701171875, -0.046539306640625, 0.004791259765625, -0.02301025390625
0.107879638671875, -0.06024169921875, 0.191925048828125, -0.023284912109375, -0.003662109375, -0.027069091796875
0.1070556640625, -0.06964111328125, 0.19586181640625, -0.01544189453125, -0.006256103515625, -0.02606201171875
0.104888916015625, -0.093597412109375, 0.208984375, 0.003387451171875, -0.010986328125, -0.020538330078125
0.1134033203125, -0.108123779296875, 0.218994140625, 0.001007080078125, -0.008148193359375, -0.00921630859375
0.113006591796875, -0.088043212890625, 0.222442626953125, -0.00738525390625, -0.0064697265625, -0.00653076171875
0.110260009765625, -0.0574951171875, 0.226654052734375, -0.024261474609375, -0.002838134765625, -0.004730224609375
0.109832763671875, -0.0390625, 0.20111083984375, -0.03570556640625, 0.001953125, -0.007537841796875
0.107208251953125, -0.03436279296875, 0.1937255859375, -0.03619384765625, 0.00189208984375, -0.00836181640625
0.105682373046875, -0.032989501953125, 0.17999267578125, -0.032379150390625, 0, -0.010223388671875
0.097625732421875, -0.05194091796875, 0.166656494140625, -0.021636962890625, -0.008544921875, -0.011444091796875
0.095001220703125, -0.051849365234375, 0.160491943359375, -0.01580810546875, -0.01153564453125, -0.01080322265625
0.09149169921875, -0.055938720703125, 0.157379150390625, -0.006866455078125, -0.020904541015625, -0.009857177734375

-0.47918701171875, -0.9998779296875, 0.293731689453125, 0.0469970703125, -0.1380615234375, 0.138336181640625
-0.782012939453125, -0.403106689453125, 0.9998779296875, -0.031646728515625, 0.00177001953125, 0.339935302734375
-0.729522705078125, 0.770172119140625, 0.9998779296875, -0.033203125, 0.121490478515625, 0.33770751953125
-0.7982177734375, 0.709625244140625, 0.12432861328125, 0.111114501953125, 0.374481201171875, 0.0887451171875
-0.232391357421875, 0.2735595703125, -0.872283935546875, 0.004913330078125, 0.31939697265625, 0.047454833984375
-0.055419921875, 0.49090576171875, -0.938995361328125, -0.014068603515625, 0.244720458984375, 0.039642333984375
0.088134765625, 0.746368408203125, -0.387237548828125, -0.027069091796875, 0.103546142578125, -0.01409912109375
-0.00042724609375, 0.111785888671875, 0.078948974609375, -0.13726806640625, 0.080902099609375, -0.12640380859375
-0.0010986328125, 0.047119140625, 0.051025390625, -0.139434814453125, 0.07696533203125, -0.1292724609375
0.05584716796875, 0.005615234375, 0.082366943359375, -0.15045166015625, 0.069244384765625, -0.120635986328125
0.065399169921875, -0.020599365234375, -0.073760986328125, -0.123321533203125, 0.07000732421875, -0.11956787109375
0.059722900390625, -0.043792724609375, -0.15704345703125, -0.096771240234375, 0.0653076171875, -0.116363525390625
0.070770263671875, -0.08984375, -0.215667724609375, -0.0638427734375, 0.030517578125, -0.104278564453125
0.109588623046875, -0.11932373046875, -0.156494140625, -0.092529296875, 0.001373291015625, -0.0897216796875
0.117462158203125, -0.119781494140625, -0.17291259765625, -0.110382080078125, -0.013214111328125, -0.07720947265625
0.14410400390625, -0.04693603515625, -0.40753173828125, -0.114288330078125, -0.038787841796875, -0.0667724609375
-0.209686279296875, 0.027618408203125, -0.9998779296875, 0.02056884765625, -0.147247314453125, -0.06231689453125
-0.484649658203125, -0.136749267578125, -0.9998779296875, 0.07122802734375, -0.219390869140625, -0.078521728515625
-0.9998779296875, -0.9998779296875, -0.9998779296875, 0.117156982421875, -0.493194580078125, -0.050018310546875
-0.9998779296875, -0.9998779296875, 0.9998779296875, 0.23480224609375, -0.586181640625, 0.188873291015625
-0.9998779296875, -0.9998779296875, 0.9998779296875, 0.191558837890625, -0.549072265625, 0.286956787109375
0.1202392578125, 0.9998779296875, 0.36627197265625, -0.063568115234375, 0.08056640625, 0.195404052734375
-0.11279296875, 0.800750732421875, 0.18475341796875, -0.0806884765625, 0.0616455078125, -0.091217041015625
-0.244232177734375, 0.05743408203125, 0.529571533203125, -0.163299560546875, 0.040435791015625, -0.1673583984375
-0.114654541015625, -0.901123046875, 0.591064453125, -0.1015625, 0.06646728515625, -0.114715576171875
0.011199951171875, -0.30157470703125, -0.041748046875, -0.056488037109375, 0.08697509765625, 0.0152587890625
0.029510498046875, -0.114349365234375, -0.1002197265625, -0.061279296875, 0.073516845703125, 0.02838134765625
0.06121826171875, 0.148223876953125, 0.0150146484375, -0.0423583984375, 0.038909912109375, 0.02215576171875
0.074188232421875, 0.028076171875, 0.115081787109375, -0.017120361328125, 0.017242431640625, -0.0330810546875
0.066650390625, -0.001495361328125, 0.1224365234375, -0.0184326171875, 0.015350341796875, -0.038726806640625
0.06488037109375, -0.025970458984375, 0.139801025390625, -0.028472900390625, 0.012115478515625, -0.0447998046875
0.06500244140625, -0.095916748046875, 0.229766845703125, -0.029388427734375, 0.002288818359375, -0.041900634765625
0.06793212890625, -0.098968505859375, 0.2373046875, -0.027801513671875, 0.0023193359375, -0.038360595703125
0.0631103515625, -0.1053466796875, 0.2271728515625, -0.021331787109375, 0.003173828125, -0.031463623046875
0.063995361328125, -0.125091552734375, 0.210357666015625, 0.00189208984375, -0.00042724609375, -0.017303466796875
0.065887451171875, -0.125091552734375, 0.212615966796875, 0.00469970703125, -0.00115966796875, -0.01446533203125
0.073486328125, -0.102386474609375, 0.21246337890625, 0.00921630859375, -0.00140380859375, -0.007568359375
0.066314697265625, -0.0667724609375, 0.22125244140625, -0.0015869140625, -0.001434326171875, -0.00738525390625
0.071868896484375, -0.065277099609375, 0.2169189453125, 0.00164794921875, -0.00079345703125, -0.0078125
0.066802978515625, -0.0626220703125, 0.206390380859375, 0.00213623046875, -0.00006103515625, -0.009307861328125
0.0643310546875, -0.06683349609375, 0.2003173828125, -0.004638671875, -0.00115966796875, -0.0130615234375
0.060760498046875, -0.0797119140625, 0.202728271484375, 0.000732421875, -0.001983642578125, -0.0135498046875
0.060821533203125, -0.096771240234375, 0.20660400390625, 0.005859375, -0.00421142578125, -0.012542724609375
0.0552978515625, -0.106475830078125, 0.222076416015625, 0.00994873046875, -0.005584716796875, -0.0101318359375
0.054046630859375, -0.10931396484375, 0.22613525390625, 0.008148193359375, -0.005126953125, -0.00946044921875
0.061920166015625, -0.111541748046875, 0.2216796875, -0.000457763671875, -0.003021240234375, -0.006927490234375
0.0518798828125, -0.10015869140625, 0.232025146484375, 0.003753662109375, -0.0020751953125, -0.004058837890625
0.05108642578125, -0.09393310546875, 0.2342529296875, 0.00238037109375, -0.0015869140625, -0.003082275390625
0.056243896484375, -0.08734130859375, 0.236328125, 0.002227783203125, -0.00048828125, -0.002105712890625
0.0570068359375, -0.07733154296875, 0.248260498046875, -0.011749267578125, 0.0037841796875, -0.0025634765625

-0.27093505859375, 0.075958251953125, 0.9998779296875, 0.0416259765625, 0.078094482421875, 0.19830322265625
-0.291748046875, 0.384552001953125, 0.9998779296875, 0.030364990234375, 0.123748779296875, 0.204345703125
-0.3626708984375, 0.9998779296875, 0.9998779296875, 0.041259765625, 0.238037109375, 0.158111572265625
-0.28094482421875, 0.6893310546875, -0.824859619140625, 0.1175537109375, 0.33905029296875, -0.02752685546875
-0.150909423828125, 0.70208740234375, -0.99169921875, 0.080963134765625, 0.283203125, -0.053253173828125
-0.0404052734375, 0.262939453125, -0.86090087890625, 0.01251220703125, 0.1434326171875, -0.122344970703125
0.079437255859375, -0.286834716796875, 0.27667236328125, -0.1170654296875, 0.01690673828125, -0.125885009765625
0.101409912109375, -0.256500244140625, 0.2591552734375, -0.091064453125, 0.03387451171875, -0.104095458984375
0.11865234375, -0.05487060546875, -0.001953125, -0.078277587890625, 0.062591552734375, -0.06793212890625
0.086517333984375, -0.0333251953125, -0.0611572265625, -0.101348876953125, 0.035888671875, -0.09539794921875
0.097503662109375, -0.104644775390625, 0.00482177734375, -0.1038818359375, 0.03033447265625, -0.09893798828125
0.09600830078125, -0.098968505859375, 0.068634033203125, -0.123626708984375, 0.03057861328125, -0.092864990234375
0.098358154296875, -0.092620849609375, 0.04779052734375, -0.095611572265625, 0.0301513671875, -0.0863037109375
0.106170654296875, -0.101959228515625, 0.0194091796875, -0.0811767578125, 0.027984619140625, -0.086395263671875
0.09930419921875, -0.129974365234375, -0.12188720703125, -0.01983642578125, 0.010772705078125, -0.087005615234375
0.021392822265625, -0.137847900390625, -0.41595458984375, 0.020355224609375, -0.043365478515625, -0.08819580078125
-0.0830078125, -0.23876953125, -0.720123291015625, 0.026702880859375, -0.078033447265625, -0.08599853515625
-0.9967041015625, -0.906494140625, -0.8677978515625, -0.055877685546875, -0.368927001953125, -0.043426513671875
-0.9998779296875, -0.9998779296875, -0.072021484375, 0.122955322265625, -0.53167724609375, 0.087005615234375
-0.9998779296875, -0.9998779296875, 0.417083740234375, 0.198486328125, -0.567962646484375, 0.143280029296875
-0.9998779296875, -0.9998779296875, 0.9998779296875, 0.18255615234375, -0.547393798828125, 0.34234619140625
-0.52789306640625, 0.8507080078125, 0.9998779296875, -0.0203857421875, -0.075469970703125, 0.3714599609375
-0.198760986328125, 0.9998779296875, 0.9998779296875, -0.087738037109375, 0.087615966796875, 0.310516357421875
-0.278045654296875, -0.406219482421875, 0.040802001953125, -0.25689697265625, 0.204925537109375, -0.122833251953125
-0.02557373046875, -0.76531982421875, -0.114227294921875, -0.066314697265625, 0.11676025390625, -0.03424072265625
0.000152587890625, -0.58428955078125, -0.09503173828125, -0.02923583984375, 0.090240478515625, 0.01312255859375
0.02410888671875, -0.211669921875, -0.086151123046875, 0.0113525390625, 0.055694580078125, 0.06787109375
0.128204345703125, 0.15863037109375, -0.01556396484375, 0.001434326171875, 0.014923095703125, 0.0546875
0.13720703125, 0.16021728515625, 0.00384521484375, 0.0064697265625, 0.009033203125, 0.0386962890625
0.13604736328125, 0.012420654296875, 0.05181884765625, -0.0196533203125, 0.002197265625, -0.004638671875
0.12152099609375, -0.096588134765625, 0.0755615234375, -0.0487060546875, 0.001617431640625, -0.018585205078125
0.122955322265625, -0.11993408203125, 0.0926513671875, -0.05120849609375, 0.0003662109375, -0.018524169921875
0.12994384765625, -0.134246826171875, 0.1741943359375, -0.061553955078125, 0.00103759765625, -0.009002685546875
0.1387939453125, -0.108551025390625, 0.19622802734375, -0.056365966796875, 0.007049560546875, -0.003204345703125
0.142486572265625, -0.092620849609375, 0.19219970703125, -0.052093505859375, 0.00927734375, -0.001220703125
0.14776611328125, -0.056304931640625, 0.14556884765625, -0.0155029296875, 0.00970458984375, -0.001708984375
0.136871337890625, -0.081268310546875, 0.1090087890625, 0.003173828125, -0.00225830078125, -0.0067138671875
0.141143798828125, -0.101165771484375, 0.118438720703125, 0.0050048828125, -0.00628662109375, -0.007843017578125
0.135528564453125, -0.1224365234375, 0.18359375, -0.0091552734375, -0.011810302734375, -0.0037841796875
0.1395263671875, -0.072601318359375, 0.225128173828125, -0.02850341796875, -0.004241943359375, 0.000244140625
0.1383056640625, -0.058319091796875, 0.219970703125, -0.03533935546875, -0.000335693359375, -0.000396728515625
0.128173828125, -0.062225341796875, 0.16619873046875, -0.043670654296875, 0.004974365234375, -0.00860595703125
0.125579833984375, -0.060150146484375, 0.162506103515625, -0.033294677734375, 0.0008544921875, -0.010345458984375
0.123565673828125, -0.058074951171875, 0.165313720703125, -0.031768798828125, -0.00128173828125, -0.011383056640625
0.121673583984375, -0.084014892578125, 0.1859130859375, -0.02203369140625, -0.0052490234375, -0.01373291015625
0.116455078125, -0.129913330078125, 0.212982177734375, -0.02313232421875, -0.001739501953125, -0.007110595703125
0.113861083984375, -0.127410888671875, 0.20599365234375, -0.024322509765625, 0.000152587890625, -0.0032958984375
0.118927001953125, -0.07733154296875, 0.19500732421875, -0.0452880859375, 0.003143310546875, 0.00665283203125
0.12664794921875, -0.01983642578125, 0.20062255859375, -0.044921875, 0.002838134765625, 0.009124755859375
0.12554931640625, -0.0010986328125, 0.202117919921875, -0.045166015625, 0.002899169921875, 0.00836181640625

-0.56439208984375, -0.9998779296875, 0.493896484375, -0.005889892578125, -0.17266845703125, 0.13836669921875
-0.949920654296875, -0.477447509765625, 0.9998779296875, 0.0782470703125, -0.12548828125, 0.333343505859375
-0.9136962890625, -0.035400390625, 0.9998779296875, 0.059417724609375, -0.05230712890625, 0.361724853515625
-0.7650146484375, 0.9998779296875, 0.9998779296875, 0.0316162109375, 0.255889892578125, 0.3155517578125
-0.636932373046875, 0.9998779296875, 0.512420654296875, 0.090576171875, 0.336669921875, 0.181640625
-0.6083984375, 0.98980712890625, 0.247833251953125, 0.1304931640625, 0.338714599609375, 0.112274169921875
0.0322265625, 0.705291748046875, -0.702362060546875, 0.009796142578125, 0.200439453125, 0.01727294921875
0.123443603515625, 0.5220947265625, -0.27532958984375, -0.002655029296875, 0.066619873046875, -0.089141845703125
0.090728759765625, 0.390533447265625, -0.122344970703125, -0.032379150390625, 0.04876708984375, -0.117279052734375
-0.03533935546875, 0.035247802734375, 0.060760498046875, -0.12890625, 0.04534912109375, -0.15447998046875
0.038330078125, -0.225189208984375, 0.19781494140625, -0.177520751953125, 0.0467529296875, -0.139404296875
0.066650390625, -0.253692626953125, 0.19012451171875, -0.177947998046875, 0.051116943359375, -0.12457275390625
0.11187744140625, -0.18060302734375, 0.128814697265625, -0.16546630859375, 0.0570068359375, -0.09185791015625
0.159912109375, 0.007720947265625, -0.02777099609375, -0.080108642578125, 0.047607421875, -0.065673828125
0.16546630859375, 0.014739990234375, -0.05938720703125, -0.0653076171875, 0.04351806640625, -0.06744384765625
0.16864013671875, 0.00848388671875, -0.125244140625, -0.033935546875, 0.03424072265625, -0.07086181640625
0.159271240234375, 0.047393798828125, -0.133026123046875, -0.09765625, 0.007659912109375, -0.07757568359375
0.138580322265625, 0.06048583984375, -0.1444091796875, -0.107391357421875, 0.000457763671875, -0.080322265625
0.101226806640625, 0.056427001953125, -0.325927734375, -0.04376220703125, -0.037384033203125, -0.0894775390625
-0.178863525390625, 0.004486083984375, -0.904998779296875, 0.062591552734375, -0.122406005859375, -0.111907958984375
-0.37164306640625, -0.1060791015625, -0.9998779296875, 0.087615966796875, -0.1807861328125, -0.127838134765625
-0.9998779296875, -0.9998779296875, -0.619049072265625, 0.287628173828125, -0.59112548828125, -0.076171875
-0.9998779296875, -0.9998779296875, 0.983489990234375, 0.30682373046875, -0.65667724609375, 0.059478759765625
-0.9998779296875, -0.9998779296875, 0.9998779296875, 0.234649658203125, -0.61224365234375, 0.1519775390625
-0.66864013671875, 0.9056396484375, 0.9998779296875, -0.128173828125, -0.07928466796875, 0.39129638671875
-0.191070556640625, 0.9998779296875, 0.285858154296875, -0.1903076171875, 0.203277587890625, 0.18768310546875
-0.19757080078125, 0.9998779296875, 0.039947509765625, -0.286865234375, 0.216094970703125, 0.012420654296875
-0.1611328125, -0.333099365234375, -0.116241455078125, -0.255950927734375, 0.15509033203125, -0.1561279296875
0.0250244140625, -0.60479736328125, 0.01519775390625, 0.05975341796875, -0.019989013671875, -0.0201416015625
0.051849365234375, -0.49151611328125, 0.16534423828125, 0.08392333984375, -0.020355224609375, 0.006195068359375
0.05316162109375, -0.125091552734375, 0.14312744140625, 0.02056884765625, 0.005706787109375, 0.0546875
0.07037353515625, -0.018829345703125, 0.135528564453125, -0.028564453125, 0.015625, 0.04541015625
0.08319091796875, 0.0037841796875, 0.12384033203125, -0.03216552734375, 0.01971435546875, 0.037567138671875
0.10113525390625, 0.001495361328125, 0.07977294921875, -0.03094482421875, 0.02325439453125, 0.010772705078125
0.1065673828125, -0.07647705078125, 0.06707763671875, -0.036529541015625, 0.0130615234375, -0.011383056640625
0.107330322265625, -0.089080810546875, 0.096923828125, -0.03826904296875, 0.01025390625, -0.014129638671875
0.104705810546875, -0.09381103515625, 0.126983642578125, -0.03912353515625, 0.006134033203125, -0.018280029296875
0.102142333984375, -0.108001708984375, 0.121124267578125, -0.02838134765625, 0.00177001953125, -0.023651123046875
0.093353271484375, -0.115234375, 0.119140625, -0.02166748046875, -0.0003662109375, -0.025390625
0.074981689453125, -0.162322998046875, 0.152435302734375, -0.006591796875, -0.008758544921875, -0.030487060546875
0.07183837890625, -0.23828125, 0.202606201171875, -0.016937255859375, -0.00604248046875, -0.024932861328125
0.083282470703125, -0.241668701171875, 0.211669921875, -0.02294921875, -0.0029296875, -0.020965576171875
0.078338623046875, -0.1771240234375, 0.19549560546875, -0.03424072265625, 0.01019287109375, -0.005645751953125
0.077392578125, -0.127593994140625, 0.189361572265625, -0.03485107421875, 0.01129150390625, -0.003692626953125
0.077301025390625, -0.108673095703125, 0.19244384765625, -0.033477783203125, 0.010986328125, -0.004730224609375
0.073822021484375, -0.1134033203125, 0.1932373046875, -0.0277099609375, 0.01080322265625, -0.013092041015625
0.0657958984375, -0.15264892578125, 0.195281982421875, -0.033935546875, 0.01312255859375, -0.017822265625
0.064117431640625, -0.158966064453125, 0.1964111328125, -0.037841796875, 0.0140380859375, -0.01739501953125
0.064788818359375, -0.1646728515625, 0.192535400390625, -0.048797607421875, 0.0159912109375, -0.013458251953125
0.0662841796875, -0.163909912109375, 0.17926025390625, -0.048583984375, 0.01556396484375, -0.009613037109375

-0.032440185546875, -0.72259521484375, -0.55377197265625, -0.125152587890625, 0.037109375, -0.077178955078125
-0.028717041015625, -0.9998779296875, -0.89630126953125, -0.08135986328125, -0.01788330078125, -0.03607177734375
-0.999359130859375, -0.9998779296875, -0.301055908203125, 0.152435302734375, -0.266448974609375, 0.200225830078125
-0.9998779296875, -0.996368408203125, 0.9998779296875, 0.16485595703125, -0.33294677734375, 0.41265869140625
-0.9998779296875, -0.3582763671875, 0.9998779296875, 0.104644775390625, -0.258056640625, 0.45684814453125
-0.72454833984375, 0.9998779296875, 0.9998779296875, 0.04718017578125, 0.209259033203125, 0.388397216796875
-0.113861083984375, 0.65960693359375, -0.2799072265625, 0.05035400390625, 0.22113037109375, 0.037200927734375
-0.053009033203125, 0.333221435546875, -0.207061767578125, -0.0181884765625, 0.186981201171875, -0.008270263671875
0.074920654296875, 0.0606689453125, 0.019195556640625, -0.065948486328125, 0.11688232421875, -0.044097900390625
0.063446044921875, 0.25469970703125, 0.197479248046875, 0.00262451171875, 0.0906982421875, -0.06646728515625
0.056060791015625, 0.16796875, 0.138031005859375, 0.005340576171875, 0.095245361328125, -0.081085205078125
0.054534912109375, 0.022308349609375, -0.002532958984375, -0.011444091796875, 0.098358154296875, -0.09619140625
0.07696533203125, -0.008819580078125, -0.01446533203125, -0.083892822265625, 0.078857421875, -0.0965576171875
0.069580078125, -0.0328369140625, 0.02099609375, -0.10418701171875, 0.074981689453125, -0.09930419921875
0.06463623046875, -0.156158447265625, 0.066314697265625, -0.13018798828125, 0.07177734375, -0.10260009765625
0.123748779296875, -0.205291748046875, 0.085845947265625, -0.14141845703125, 0.073089599609375, -0.068389892578125
0.14324951171875, -0.062896728515625, 0.0107421875, -0.125518798828125, 0.07745361328125, -0.05303955078125
0.125091552734375, -0.050689697265625, -0.114715576171875, -0.092315673828125, 0.054962158203125, -0.068878173828125
0.132049560546875, -0.06915283203125, -0.15509033203125, -0.081787109375, 0.0462646484375, -0.07061767578125
0.116729736328125, -0.089813232421875, -0.60150146484375, -0.00775146484375, 0.000274658203125, -0.065155029296875
-0.311553955078125, -0.16888427734375, -0.9998779296875, 0.06097412109375, -0.162750244140625, -0.068756103515625
-0.605316162109375, -0.5286865234375, -0.9998779296875, 0.1043701171875, -0.276397705078125, -0.085540771484375
-0.9998779296875, -0.9998779296875, -0.516998291015625, 0.19610595703125, -0.549041748046875, -0.0255126953125
-0.9998779296875, -0.9998779296875, 0.9998779296875, 0.31427001953125, -0.629058837890625, 0.076385498046875
-0.9998779296875, -0.9998779296875, 0.9998779296875, 0.3212890625, -0.554168701171875, 0.12762451171875
-0.046844482421875, 0.9998779296875, 0.3135986328125, -0.23516845703125, 0.137725830078125, 0.1287841796875
-0.074798583984375, 0.9998779296875, 0.075897216796875, -0.26080322265625, 0.147796630859375, -0.091217041015625
-0.185699462890625, -0.097930908203125, 0.16705322265625, -0.164947509765625, 0.098480224609375, -0.14013671875
-0.076629638671875, -0.614349365234375, 0.152801513671875, -0.05609130859375, 0.065521240234375, -0.1309814453125
0.024749755859375, -0.389801025390625, 0.108306884765625, 0.020538330078125, 0.049102783203125, -0.017852783203125
0.031585693359375, -0.32037353515625, 0.063812255859375, 0.020965576171875, 0.04833984375, -0.002838134765625
0.033111572265625, -0.20806884765625, -0.037506103515625, 0.011138916015625, 0.0311279296875, 0.01806640625
0.0435791015625, -0.12945556640625, 0.02508544921875, -0.008087158203125, -0.00433349609375, 0.022369384765625
0.051483154296875, -0.11102294921875, 0.0601806640625, -0.010467529296875, -0.010467529296875, 0.02099609375
0.06121826171875, -0.091461181640625, 0.12481689453125, -0.013763427734375, -0.0189208984375, 0.0128173828125
0.07281494140625, -0.06719970703125, 0.2498779296875, -0.028900146484375, -0.010406494140625, -0.003448486328125
0.078948974609375, -0.092376708984375, 0.2427978515625, -0.03155517578125, -0.0050048828125, -0.00811767578125
0.070831298828125, -0.111328125, 0.232818603515625, -0.0465087890625, 0.00579833984375, -0.0152587890625
0.051300048828125, -0.15771484375, 0.198455810546875, -0.034393310546875, 0.01068115234375, -0.0167236328125
0.048858642578125, -0.1630859375, 0.18310546875, -0.031158447265625, 0.011016845703125, -0.015655517578125
0.044708251953125, -0.170379638671875, 0.17181396484375, -0.026153564453125, 0.0069580078125, -0.01226806640625
0.043304443359375, -0.180694580078125, 0.198760986328125, -0.02325439453125, 0.005462646484375, -0.00830078125
0.05023193359375, -0.184906005859375, 0.202545166015625, -0.021636962890625, 0.005767822265625, -0.00677490234375
0.05609130859375, -0.15728759765625, 0.215301513671875, -0.019927978515625, 0.01068115234375, 0.002166748046875
0.05230712890625, -0.1358642578125, 0.2169189453125, -0.0206298828125, 0.011871337890625, 0.00323486328125
0.05657958984375, -0.112060546875, 0.22021484375, -0.019622802734375, 0.012725830078125, 0.00341796875
0.062286376953125, -0.100555419921875, 0.2109375, -0.0098876953125, 0.014373779296875, -0.000152587890625
0.005584716796875, -0.1417236328125, 0.20513916015625, -0.0057373046875, 0.013519287109375, -0.00860595703125
0.052398681640625, -0.163787841796875, 0.1856689453125, -0.00164794921875, 0.0120849609375, -0.0103759765625
0.075042724609375, -0.1456298828125, 0.172393798828125, -0.01885986328125, 0.008087158203125, -0.012420654296875

-0.13214111328125, -0.9998779296875, -0.723358154296875, -0.1168212890625, -0.102447509765625, 0.1513671875
-0.859222412109375, -0.9998779296875, -0.429656982421875, -0.13720703125, -0.149078369140625, 0.246185302734375
-0.9998779296875, 0.171051025390625, 0.9998779296875, -0.1192626953125, -0.215911865234375, 0.3765869140625
-0.62298583984375, 0.9998779296875, 0.9998779296875, 0.2027587890625, 0.2369384765625, 0.192474365234375
-0.8623046875, 0.9998779296875, 0.9998779296875, 0.077850341796875, 0.370819091796875, -0.019989013671875
-0.740386962890625, -0.369110107421875, -0.990142822265625, -0.05047607421875, 0.43829345703125, -0.01824951171875
-0.041595458984375, 0.947601318359375, -0.9998779296875, -0.091552734375, 0.178466796875, -0.00042724609375
-0.029754638671875, 0.939056396484375, -0.97503662109375, -0.058807373046875, 0.08087158203125, -0.039215087890625
-0.0535888671875, 0.7205810546875, -0.16241455078125, -0.056396484375, -0.0152587890625, -0.111572265625
-0.140655517578125, 0.295867919921875, -0.136199951171875, 0.003570556640625, 0.040771484375, -0.171417236328125
-0.152496337890625, 0.213836669921875, -0.2860107421875, 0.004180908203125, 0.04864501953125, -0.173797607421875
-0.156463623046875, 0.111297607421875, -0.41656494140625, -0.054962158203125, 0.03082275390625, -0.177734375
-0.07452392578125, -0.171295166015625, -0.092498779296875, -0.045501708984375, -0.05120849609375, -0.152191162109375
-0.050628662109375, -0.1968994140625, -0.063079833984375, -0.044891357421875, -0.0548095703125, -0.141143798828125
-0.002044677734375, -0.214508056640625, -0.019927978515625, -0.05596923828125, -0.05841064453125, -0.117462158203125
-0.004119873046875, -0.167694091796875, -0.03668212890625, -0.064971923828125, -0.062957763671875, -0.074737548828125
-0.050079345703125, -0.20855712890625, -0.1475830078125, -0.050201416015625, -0.06683349609375, -0.06890869140625
-0.183990478515625, -0.564483642578125, -0.5804443359375, -0.002960205078125, -0.09906005859375, -0.0599365234375
-0.9998779296875, -0.9998779296875, -0.772308349609375, 0.090911865234375, -0.386627197265625, 0.134796142578125
-0.9998779296875, -0.9998779296875, 0.19317626953125, 0.145294189453125, -0.47979736328125, 0.255706787109375
-0.9998779296875, -0.588287353515625, 0.9998779296875, 0.15570068359375, -0.5269775390625, 0.44049072265625
-0.311431884765625, 0.9998779296875, 0.974151611328125, 0.05645751953125, 0.1697998046875, 0.23455810546875
-0.2166748046875, 0.9998779296875, -0.2210693359375, -0.170135498046875, 0.23541259765625, 0.091644287109375
0.039276123046875, 0.08453369140625, -0.5325927734375, -0.290496826171875, 0.1463623046875, -0.090789794921875
0.13800048828125, 0.045166015625, 0.215667724609375, 0.06170654296875, 0.02178955078125, -0.02001953125
0.161956787109375, 0.251617431640625, 0.01556396484375, 0.062164306640625, 0.016448974609375, -0.028167724609375
0.13525390625, 0.09527587890625, 0.071807861328125, -0.000885009765625, 0.0047607421875, -0.052093505859375
0.081085205078125, -0.20623779296875, 0.13287353515625, -0.03302001953125, -0.005828857421875, -0.059722900390625
0.065155029296875, -0.2763671875, 0.156036376953125, -0.033935546875, -0.009002685546875, -0.052703857421875
0.044891357421875, -0.300689697265625, 0.190948486328125, -0.04034423828125, -0.01409912109375, -0.02783203125
0.05596923828125, -0.138946533203125, 0.2393798828125, -0.029388427734375, -0.0162353515625, 0.019744873046875
0.053375244140625, -0.090667724609375, 0.22760009765625, -0.0340576171875, -0.014373779296875, 0.026092529296875
0.0665283203125, 0.00970458984375, 0.20025634765625, -0.05560302734375, -0.012481689453125, 0.031646728515625
0.0677490234375, 0.113677978515625, 0.224212646484375, -0.042449951171875, -0.02056884765625, 0.0142822265625
0.064483642578125, 0.111358642578125, 0.25311279296875, -0.03900146484375, -0.0206298828125, 0.008941650390625
0.067108154296875, 0.08392333984375, 0.28009033203125, -0.034210205078125, -0.01837158203125, 0.0003662109375
0.080810546875, 0.033843994140625, 0.26336669921875, -0.042999267578125, -0.010589599609375, 0.00018310546875
0.05902099609375, 0.031036376953125, 0.2669677734375, -0.041839599609375, -0.008087158203125, 0.00103759765625
0.074859619140625, 0.03582763671875, 0.24005126953125, -0.0325927734375, -0.0009765625, 0.004486083984375
0.06463623046875, 0.04296875, 0.208526611328125, 0.01190185546875, -0.00335693359375, 0.013702392578125
0.0693359375, 0.05987548828125, 0.215850830078125, 0.010101318359375, -0.0054931640625, 0.0150146484375
0.064208984375, 0.098358154296875, 0.24298095703125, 0.009063720703125, -0.008514404296875, 0.0130615234375
0.065765380859375, 0.058990478515625, 0.25872802734375, 0.0108642578125, -0.00445556640625, 0.002593994140625
0.067230224609375, 0.05023193359375, 0.2503662109375, 0.011138916015625, -0.00225830078125, 0.00225830078125
0.0625, 0.048858642578125, 0.243621826171875, 0.0029296875, -0.0003662109375, 0.00213623046875
0.0460205078125, 0.0633544921875, 0.255462646484375, 0.008148193359375, 0.001922607421875, 0.002166748046875
0.054107666015625, 0.08660888671875, 0.251190185546875, -0.013153076171875, 0.003387451171875, -0.00054931640625
0.061676025390625, 0.06085205078125, 0.21417236328125, 0.007659912109375, 0.00341796875, -0.004638671875
0.06146240234375, 0.020843505859375, 0.241058349609375, 0.001220703125, -0.0013427734375, -0.0079345703125
0.062713623046875, 0.028778076171875, 0.24603271484375, 0.0006103515625, -0.00128173828125, -0.0069580078125

-0.41253662109375, -0.9998779296875, 0.08453369140625, -0.06854248046875, -0.075775146484375, 0.292449951171875
-0.5980224609375, 0.9998779296875, 0.9998779296875, -0.04705810546875, 0.0108642578125, 0.319976806640625
-0.984100341796875, 0.9998779296875, 0.587432861328125, 0.0362548828125, 0.35986328125, 0.030914306640625
-0.83172607421875, 0.64288330078125, -0.6292724609375, -0.056976318359375, 0.402557373046875, -0.04345703125
-0.308929443359375, 0.726165771484375, -0.9998779296875, -0.01055908203125, 0.2862548828125, -0.060546875
-0.066253662109375, 0.31243896484375, 0.1317138671875, -0.068267822265625, -0.0157470703125, -0.150360107421875
-0.062347412109375, 0.290679931640625, 0.28131103515625, -0.062347412109375, -0.004852294921875, -0.15472412109375
-0.096160888671875, 0.24560546875, 0.14263916015625, 0.0030517578125, 0.040496826171875, -0.156646728515625
-0.074310302734375, -0.013153076171875, -0.20892333984375, 0.02777099609375, 0.051544189453125, -0.1573486328125
-0.04681396484375, -0.08685302734375, -0.191314697265625, -0.00518798828125, 0.02984619140625, -0.144989013671875
0.041290283203125, -0.18804931640625, -0.1104736328125, -0.019073486328125, 0.01068115234375, -0.12176513671875
0.10198974609375, -0.113983154296875, 0.011871337890625, -0.009735107421875, -0.014007568359375, -0.067840576171875
0.1138916015625, -0.083221435546875, 0.029205322265625, -0.0108642578125, -0.01580810546875, -0.0587158203125
0.1298828125, -0.041412353515625, 0.05059814453125, -0.018798828125, -0.017578125, -0.04864501953125
0.1455078125, -0.012359619140625, 0.038970947265625, -0.01971435546875, -0.015625, -0.038909912109375
0.1517333984375, -0.001617431640625, 0.020050048828125, -0.015411376953125, -0.016387939453125, -0.037139892578125
0.145111083984375, 0.01556396484375, -0.0037841796875, -0.009979248046875, -0.023345947265625, -0.037353515625
0.132781982421875, 0.00482177734375, 0.051544189453125, 0.0025634765625, -0.04486083984375, -0.047332763671875
0.129150390625, 0.0030517578125, 0.06243896484375, 0.005828857421875, -0.047119140625, -0.050079345703125
0.1126708984375, -0.020050048828125, 0.051544189453125, 0.012725830078125, -0.048675537109375, -0.0572509765625
0.0682373046875, -0.147552490234375, -0.039337158203125, 0.014678955078125, -0.05682373046875, -0.066986083984375
-0.02227783203125, -0.223419189453125, -0.22454833984375, 0.01513671875, -0.064453125, -0.06512451171875
-0.143646240234375, -0.51446533203125, -0.6512451171875, 0.03863525390625, -0.106658935546875, -0.06317138671875
-0.9998779296875, -0.9998779296875, -0.6278076171875, 0.003997802734375, -0.3837890625, 0.115753173828125
-0.9998779296875, -0.9998779296875, -0.115936279296875, 0.12701416015625, -0.450225830078125, 0.217681884765625
-0.9998779296875, -0.9998779296875, 0.9998779296875, 0.137725830078125, -0.512451171875, 0.37255859375
-0.407623291015625, 0.9998779296875, 0.9998779296875, 0.15283203125, -0.055908203125, 0.3411865234375
-0.135833740234375, 0.9998779296875, 0.9998779296875, 0.01678466796875, 0.0718994140625, 0.254180908203125
-0.075653076171875, 0.9998779296875, -0.03472900390625, -0.1912841796875, 0.164154052734375, 0.01568603515625
-0.0047607421875, -0.43328857421875, 0.323150634765625, -0.128662109375, 0.0374755859375, -0.100433349609375
0.016845703125, -0.435638427734375, 0.3612060546875, -0.056549072265625, 0.02777099609375, -0.035400390625
0.066650390625, -0.152496337890625, 0.14410400390625, 0.037933349609375, 0.0296630859375, 0.007080078125
0.11676025390625, 0.06463623046875, 0.1256103515625, -0.036376953125, 0.016204833984375, 0.009063720703125
0.101104736328125, 0.05889892578125, 0.13690185546875, -0.044830322265625, 0.014007568359375, -0.00665283203125
0.069488525390625, -0.012969970703125, 0.13885498046875, -0.059967041015625, 0.00775146484375, -0.01806640625
0.056488037109375, -0.053924560546875, 0.167572021484375, -0.06243896484375, -0.003387451171875, -0.0211181640625
0.0594482421875, -0.049072265625, 0.194305419921875, -0.062744140625, -0.006927490234375, -0.01922607421875
0.058135986328125, -0.01904296875, 0.259521484375, -0.0640869140625, -0.00982666015625, -0.01531982421875
0.066253662109375, -0.004058837890625, 0.252532958984375, -0.048431396484375, 0.000274658203125, -0.008697509765625
0.066253662109375, 0.013092041015625, 0.250091552734375, -0.049468994140625, 0.002105712890625, -0.007415771484375
0.0679931640625, 0.003662109375, 0.216339111328125, -0.042144775390625, 0.002655029296875, -0.006103515625
0.064910888671875, 0.036651611328125, 0.209930419921875, -0.027191162109375, -0.003387451171875, -0.0062255859375
0.06463623046875, 0.008697509765625, 0.21942138671875, -0.020782470703125, -0.00579833984375, -0.007568359375
0.060546875, -0.0098876953125, 0.22503662109375, -0.01837158203125, -0.005035400390625, -0.0045166015625
0.0716552734375, 0.054779052734375, 0.2593994140625, -0.0068359375, -0.000732421875, -0.001190185546875
0.065643310546875, 0.06060791015625, 0.256591796875, -0.0010986328125, 0.00128173828125, -0.002105712890625
0.069854736328125, 0.048065185546875, 0.237213134765625, 0.00909423828125, 0.0045166015625, -0.005279541015625
0.0367431640625, 0.03253173828125, 0.254302978515625, 0.016326904296875, 0.004119873046875, -0.006622314453125
0.079193115234375, 0.029022216796875, 0.25836181640625, 0.0191650390625, 0.005462646484375, -0.006317138671875
0.077545166015625, 0.033203125, 0.23284912109375, 0.0262451171875, 0.008087158203125, -0.009002685546875

-0.80615234375, -0.9998779296875, -0.9998779296875, 0.1676025390625, -0.351776123046875, 0.15362548828125
-0.9998779296875, -0.9998779296875, 0.995758056640625, 0.0853271484375, -0.410888671875, 0.2529296875
-0.9998779296875, 0.093353271484375, 0.9998779296875, 0.066192626953125, -0.2764892578125, 0.3819580078125
-0.285247802734375, 0.9998779296875, 0.350738525390625, -0.02587890625, 0.207427978515625, 0.113372802734375
-0.258544921875, 0.609161376953125, 0.170074462890625, -0.104095458984375, 0.20233154296875, 0.013458251953125
-0.150634765625, -0.289459228515625, -0.01025390625, -0.10430908203125, 0.168853759765625, -0.045318603515625
0.004241943359375, 0.124176025390625, 0.150848388671875, 0.06060791015625, 0.04364013671875, 0.012847900390625
0.033172607421875, 0.11102294921875, 0.28070068359375, 0.04278564453125, 0.03839111328125, 0.0062255859375
0.042144775390625, 0.069244384765625, 0.280120849609375, 0.005950927734375, 0.0577392578125, -0.00030517578125
0.049072265625, -0.00067138671875, 0.079315185546875, -0.04656982421875, 0.06915283203125, -0.013824462890625
0.0716552734375, 0.04437255859375, 0.1868896484375, -0.06024169921875, 0.065826416015625, -0.016876220703125
0.044769287109375, 0.040130615234375, 0.221466064453125, -0.08074951171875, 0.072174072265625, -0.02801513671875
0.05670166015625, -0.06353759765625, 0.10614013671875, -0.10028076171875, 0.08038330078125, -0.03436279296875
0.081817626953125, -0.04742431640625, 0.10015869140625, -0.10748291015625, 0.0784912109375, -0.030609130859375
0.094879150390625, -0.00396728515625, 0.095428466796875, -0.11859130859375, 0.07537841796875, -0.02496337890625
0.122314453125, 0.130828857421875, 0.0809326171875, -0.111236572265625, 0.06781005859375, -0.0302734375
0.12982177734375, 0.16119384765625, 0.080169677734375, -0.10638427734375, 0.06536865234375, -0.0360107421875
0.122833251953125, 0.17156982421875, 0.0682373046875, -0.0955810546875, 0.062225341796875, -0.052398681640625
0.11328125, -0.011260986328125, -0.0333251953125, -0.08319091796875, 0.057159423828125, -0.07635498046875
0.11676025390625, -0.0264892578125, -0.042388916015625, -0.09246826171875, 0.054595947265625, -0.076080322265625
0.11126708984375, -0.02679443359375, -0.112762451171875, -0.083282470703125, 0.0506591796875, -0.0699462890625
-0.016571044921875, -0.01446533203125, -0.80670166015625, -0.045928955078125, -0.026702880859375, -0.059112548828125
-0.058074951171875, -0.139068603515625, -0.994903564453125, -0.05029296875, -0.06988525390625, -0.0693359375
-0.306488037109375, -0.992767333984375, -0.9998779296875, -0.0345458984375, -0.192626953125, -0.071929931640625
-0.9998779296875, -0.9998779296875, -0.011322021484375, 0.01068115234375, -0.48968505859375, 0.212371826171875
-0.9998779296875, -0.967864990234375, 0.986358642578125, -0.004608154296875, -0.517822265625, 0.268768310546875
-0.9998779296875, 0.57769775390625, 0.9998779296875, -0.011871337890625, -0.402191162109375, 0.346527099609375
-0.273162841796875, 0.9998779296875, -0.12548828125, 0.04400634765625, 0.2164306640625, 0.116241455078125
-0.14337158203125, 0.99908447265625, -0.569061279296875, -0.043365478515625, 0.1865234375, 0.018829345703125
-0.049285888671875, -0.052490234375, 0.398193359375, -0.140777587890625, 0.062042236328125, -0.103668212890625
-0.017181396484375, -0.28369140625, 0.1915283203125, 0.0299072265625, 0.1082763671875, -0.00732421875
0.0103759765625, -0.124603271484375, -0.12969970703125, 0.051544189453125, 0.110107421875, 0.021270751953125
0.103118896484375, 0.1446533203125, -0.29864501953125, 0.0284423828125, 0.063385009765625, 0.043060302734375
0.13714599609375, 0.26824951171875, 0.20123291015625, 0.0023193359375, -0.00225830078125, -0.002685546875
0.123779296875, 0.2275390625, 0.18560791015625, 0.001434326171875, 0.00067138671875, -0.014007568359375
0.102264404296875, 0.136749267578125, 0.154449462890625, -0.006591796875, 0.0009765625, -0.031524658203125
0.0821533203125, -0.02178955078125, 0.225128173828125, -0.021881103515625, -0.004791259765625, -0.037506103515625
0.079925537109375, -0.04034423828125, 0.235595703125, -0.02398681640625, -0.003570556640625, -0.032257080078125
0.072052001953125, -0.03411865234375, 0.23876953125, -0.02069091796875, -0.000396728515625, -0.0184326171875
0.063690185546875, 0.044097900390625, 0.20343017578125, -0.00439453125, -0.003692626953125, -0.001678466796875
0.061553955078125, 0.063262939453125, 0.207977294921875, 0.0035400390625, -0.00701904296875, -0.0010986328125
0.062225341796875, 0.0814208984375, 0.21875, 0.016082763671875, -0.011932373046875, -0.0035400390625
0.06719970703125, 0.022491455078125, 0.2421875, 0.010589599609375, -0.012725830078125, -0.0140380859375
0.069549560546875, 0.009124755859375, 0.252166748046875, 0.0020751953125, -0.009918212890625, -0.0142822265625
0.07415771484375, -0.00994873046875, 0.277801513671875, 0.0010986328125, -0.005035400390625, -0.011474609375
0.073486328125, -0.0194091796875, 0.2213134765625, 0.004364013671875, 0.003143310546875, -0.003082275390625
0.07220458984375, -0.014984130859375, 0.203277587890625, 0.004669189453125, 0.0029296875, -0.0009765625
0.076171875, -0.000091552734375, 0.18695068359375, 0.003570556640625, -0.000213623046875, 0.0023193359375
0.070404052734375, 0.0322265625, 0.234222412109375, 0.00689697265625, -0.0089111328125, 0.0029296875
0.071441650390625, 0.03271484375, 0.249298095703125, 0.00750732421875, -0.0093994140625, 0.00152587890625

-0.2325439453125, -0.9998779296875, -0.865386962890625, -0.015289306640625, -0.1197509765625, -0.01873779296875
-0.9998779296875, -0.998138427734375, 0.951934814453125, -0.116058349609375, -0.296142578125, 0.280426025390625
-0.9998779296875, -0.123382568359375, 0.9998779296875, -0.12152099609375, -0.16680908203125, 0.365692138671875
-0.341400146484375, 0.9998779296875, 0.9998779296875, -0.080841064453125, 0.1572265625, 0.1998291015625
-0.426361083984375, -0.53485107421875, 0.279815673828125, -0.14910888671875, 0.2567138671875, -0.116455078125
-0.297698974609375, -0.60693359375, -0.086029052734375, -0.071075439453125, 0.25433349609375, -0.0753173828125
-0.145965576171875, -0.024749755859375, -0.304046630859375, 0.02496337890625, 0.194976806640625, 0.02276611328125
0.037628173828125, 0.481536865234375, 0.047210693359375, 0.020599365234375, 0.103668212890625, 0.01422119140625
0.050201416015625, 0.470947265625, 0.063751220703125, -0.00201416015625, 0.1036376953125, -0.004791259765625
0.05401611328125, 0.34222412109375, -0.04058837890625, -0.016510009765625, 0.10986328125, -0.0386962890625
0.056976318359375, 0.10113525390625, -0.110504150390625, -0.04193115234375, 0.067779541015625, -0.065155029296875
0.06390380859375, 0.076171875, -0.06512451171875, -0.046966552734375, 0.05780029296875, -0.066162109375
0.08135986328125, 0.038543701171875, 0.003692626953125, -0.04888916015625, 0.046905517578125, -0.063873291015625
0.09918212890625, 0.0357666015625, -0.0074462890625, -0.050018310546875, 0.04632568359375, -0.0517578125
0.11346435546875, 0.055419921875, -0.058135986328125, -0.05224609375, 0.04229736328125, -0.0499267578125
0.120941162109375, 0.057098388671875, -0.101226806640625, -0.054107666015625, 0.03369140625, -0.050048828125
0.114166259765625, 0.0638427734375, -0.13421630859375, -0.058349609375, 0.0179443359375, -0.05194091796875
0.11431884765625, 0.072235107421875, -0.142791748046875, -0.0582275390625, 0.0113525390625, -0.0531005859375
0.10662841796875, 0.09014892578125, -0.154541015625, -0.061676025390625, -0.0025634765625, -0.058380126953125
0.0897216796875, 0.0699462890625, -0.17926025390625, -0.072052001953125, -0.033935546875, -0.079864501953125
0.0733642578125, 0.07623291015625, -0.2213134765625, -0.07366943359375, -0.04241943359375, -0.084075927734375
0.02850341796875, 0.063873291015625, -0.356689453125, -0.031280517578125, -0.06427001953125, -0.0908203125
-0.3836669921875, -0.215728759765625, -0.999420166015625, 0.04132080078125, -0.190704345703125, -0.12353515625
-0.561279296875, -0.45574951171875, -0.9998779296875, 0.032440185546875, -0.3341064453125, -0.137298583984375
-0.9998779296875, -0.9998779296875, -0.46453857421875, 0.07293701171875, -0.503753662109375, -0.032501220703125
-0.9998779296875, -0.9998779296875, 0.9998779296875, 0.20855712890625, -0.472930908203125, 0.291961669921875
-0.9998779296875, -0.7066650390625, 0.9998779296875, 0.231658935546875, -0.31781005859375, 0.34130859375
-0.4066162109375, 0.9998779296875, 0.9998779296875, 0.06402587890625, 0.00775146484375, 0.31182861328125
-0.047210693359375, 0.0106201171875, 0.244384765625, -0.1834716796875, 0.134613037109375, -0.045074462890625
-0.014892578125, -0.294189453125, 0.148773193359375, -0.147308349609375, 0.122406005859375, -0.056365966796875
0.041168212890625, -0.31793212890625, -0.019287109375, -0.031280517578125, 0.081695556640625, -0.014892578125
0.121612548828125, 0.04302978515625, 0.182281494140625, 0.013336181640625, 0.015380859375, 0.030975341796875
0.137054443359375, 0.101165771484375, 0.198577880859375, 0.005279541015625, 0.016326904296875, 0.027435302734375
0.13726806640625, 0.139739990234375, 0.1524658203125, -0.0299072265625, 0.026275634765625, 0.006805419921875
0.10400390625, -0.042236328125, 0.06231689453125, -0.0611572265625, 0.015533447265625, -0.03924560546875
0.075653076171875, -0.108184814453125, 0.09442138671875, -0.055511474609375, 0.003448486328125, -0.040740966796875
0.070098876953125, -0.177520751953125, 0.19287109375, -0.050018310546875, -0.00323486328125, -0.033935546875
0.076507568359375, -0.155914306640625, 0.21112060546875, -0.05780029296875, -0.00146484375, -0.014312744140625
0.0565185546875, -0.108642578125, 0.20648193359375, -0.052001953125, -0.0008544921875, -0.000213623046875
0.05792236328125, 0.020111083984375, 0.199737548828125, -0.036163330078125, -0.010040283203125, 0.002105712890625
0.056915283203125, 0.019989013671875, 0.204010009765625, -0.02886962890625, -0.01165771484375, -0.0008544921875
0.075347900390625, 0.018310546875, 0.207244873046875, -0.01513671875, -0.01416015625, -0.006378173828125
0.059478759765625, -0.031097412109375, 0.247406005859375, -0.011444091796875, -0.008758544921875, -0.01995849609375
0.0555419921875, -0.074188232421875, 0.245941162109375, -0.011444091796875, -0.006072998046875, -0.019073486328125
0.0672607421875, -0.085662841796875, 0.22149658203125, -0.016082763671875, -0.000579833984375, -0.013092041015625
0.081756591796875, -0.07037353515625, 0.224945068359375, 0.01019287109375, -0.005157470703125, -0.001007080078125
0.07928466796875, -0.060577392578125, 0.25030517578125, 0.015380859375, -0.0069580078125, 0.0003662109375
0.04852294921875, -0.0621337890625, 0.264373779296875, 0.04400634765625, -0.007720947265625, 0.004730224609375
0.03271484375, -0.048919677734375, 0.223663330078125, 0.040924072265625, -0.003387451171875, 0.0059814453125
0.0594482421875, -0.048828125, 0.2137451171875, 0.037750244140625, -0.00421142578125, 0.006103515625

-0.36541748046875, -0.9998779296875, -0.10638427734375, -0.03607177734375, -0.104644775390625, 0.044158935546875
-0.845672607421875, -0.95758056640625, 0.9998779296875, 0.062347412109375, -0.174224853515625, 0.295013427734375
-0.77288818359375, 0.10430908203125, 0.9998779296875, 0.121368408203125, 0.033111572265625, 0.32568359375
-0.927459716796875, 0.9998779296875, 0.9998779296875, 0.057861328125, 0.29937744140625, 0.206268310546875
-0.67779541015625, 0.290191650390625, -0.9998779296875, -0.02801513671875, 0.441192626953125, 0.04547119140625
-0.381683349609375, 0.4747314453125, -0.9998779296875, -0.04107666015625, 0.35797119140625, 0.04437255859375
0.000946044921875, 0.571807861328125, -0.91864013671875, -0.07183837890625, 0.146392822265625, -0.010345458984375
0.042144775390625, 0.224334716796875, 0.39532470703125, -0.1219482421875, 0.03082275390625, -0.08251953125
0.01495361328125, 0.249053955078125, 0.35052490234375, -0.089569091796875, 0.054656982421875, -0.086273193359375
-0.008636474609375, 0.249420166015625, -0.04071044921875, -0.0401611328125, 0.088287353515625, -0.1038818359375
-0.025848388671875, 0.0751953125, -0.209136962890625, -0.074554443359375, 0.038970947265625, -0.13970947265625
-0.029876708984375, 0.024993896484375, -0.1197509765625, -0.086395263671875, 0.022979736328125, -0.142913818359375
-0.0377197265625, -0.027099609375, -0.0506591796875, -0.090545654296875, 0.006439208984375, -0.143707275390625
-0.101898193359375, -0.0787353515625, -0.208282470703125, -0.037506103515625, -0.036468505859375, -0.146453857421875
-0.175933837890625, -0.2421875, -0.483062744140625, -0.035125732421875, -0.082122802734375, -0.144927978515625
-0.448638916015625, -0.99951171875, -0.9998779296875, 0.010955810546875, -0.18731689453125, -0.118133544921875
-0.9998779296875, -0.9998779296875, -0.597808837890625, 0.0750732421875, -0.423065185546875, 0.054840087890625
-0.9998779296875, -0.9998779296875, 0.09326171875, 0.073822021484375, -0.4786376953125, 0.128173828125
-0.9998779296875, -0.9998779296875, 0.9998779296875, 0.17047119140625, -0.502105712890625, 0.24114990234375
-0.1942138671875, 0.798492431640625, 0.9998779296875, 0.077423095703125, -0.0662841796875, 0.211273193359375
-0.08502197265625, 0.9998779296875, 0.9998779296875, -0.058441162109375, 0.04669189453125, 0.147674560546875
-0.10791015625, 0.27496337890625, 0.523834228515625, -0.184051513671875, 0.15338134765625, -0.00482177734375
-0.008331298828125, -0.3740234375, -0.150146484375, -0.024261474609375, 0.086639404296875, 0.017303466796875
0.04095458984375, -0.08294677734375, -0.185760498046875, 0.0372314453125, 0.05731201171875, 0.029388427734375
0.1025390625, 0.021240234375, 0.097991943359375, 0.016937255859375, 0.005035400390625, 0.013092041015625
0.099945068359375, -0.0670166015625, 0.1326904296875, -0.0203857421875, 0.011688232421875, -0.0096435546875
0.090484619140625, -0.093414306640625, 0.114593505859375, -0.02899169921875, 0.01348876953125, -0.01397705078125
0.08160400390625, -0.168060302734375, 0.083282470703125, -0.05859375, 0.010284423828125, -0.02044677734375
0.07293701171875, -0.143585205078125, 0.20465087890625, -0.13238525390625, -0.019866943359375, -0.017486572265625
0.08489990234375, -0.125823974609375, 0.307464599609375, -0.1202392578125, -0.0234375, -0.013916015625
0.02032470703125, -0.14453125, 0.338134765625, -0.0484619140625, -0.011871337890625, -0.00262451171875
0.047149658203125, -0.05511474609375, 0.267364501953125, -0.03472900390625, 0.008056640625, 0.00238037109375
0.0538330078125, -0.04443359375, 0.24609375, -0.031829833984375, 0.0096435546875, 0.000701904296875
0.053192138671875, -0.0357666015625, 0.227996826171875, -0.030120849609375, 0.009613037109375, -0.0052490234375
0.039215087890625, -0.0723876953125, 0.24237060546875, -0.0234375, 0.010162353515625, -0.016082763671875
0.05615234375, -0.115325927734375, 0.2296142578125, -0.01898193359375, 0.0135498046875, -0.01318359375
0.048492431640625, -0.084930419921875, 0.20074462890625, -0.03118896484375, 0.014068603515625, -0.005096435546875
0.074493408203125, -0.077606201171875, 0.16888427734375, -0.003997802734375, 0.009552001953125, -0.001129150390625
0.06915283203125, -0.0733642578125, 0.16650390625, -0.006927490234375, 0.008148193359375, 0.0008544921875
0.075836181640625, -0.0540771484375, 0.158050537109375, -0.015289306640625, 0.004730224609375, 0.002838134765625
0.083953857421875, -0.02435302734375, 0.16162109375, -0.029815673828125, -0.00201416015625, 0.000274658203125
0.070556640625, -0.014434814453125, 0.172393798828125, -0.0325927734375, -0.004425048828125, -0.00128173828125
0.055633544921875, -0.005218505859375, 0.18963623046875, -0.0242919921875, -0.00787353515625, -0.004058837890625
0.027313232421875, -0.03076171875, 0.23175048828125, 0.004913330078125, -0.00823974609375, -0.01123046875
0.060089111328125, -0.071258544921875, 0.2255859375, 0.00360107421875, -0.004669189453125, -0.012908935546875
0.057769775390625, -0.12164306640625, 0.21710205078125, -0.003021240234375, -0.0025634765625, -0.00592041015625
0.099853515625, -0.011627197265625, 0.27984619140625, -0.023406982421875, -0.006591796875, 0.01361083984375
0.07891845703125, 0.02020263671875, 0.29925537109375, -0.014862060546875, -0.006500244140625, 0.013275146484375
0.045562744140625, -0.004974365234375, 0.340057373046875, 0.01025390625, 0.000030517578125, -0.001190185546875
0.0645751953125, -0.078033447265625, 0.3076171875, 0.002227783203125, 0.011505126953125, -0.00469970703125

-0.407806396484375, -0.89898681640625, 0.807769775390625, 0.00030517578125, -0.124298095703125, 0.176666259765625
-0.539306640625, -0.594635009765625, 0.9998779296875, 0.041717529296875, -0.037384033203125, 0.256011962890625
-0.517547607421875, 0.999114990234375, 0.9998779296875, 0.06243896484375, 0.12481689453125, 0.247589111328125
-0.925567626953125, 0.246124267578125, 0.516632080078125, 0.00848388671875, 0.37335205078125, 0.0888671875
-0.765289306640625, 0.21026611328125, -0.359466552734375, -0.056243896484375, 0.36322021484375, 0.06903076171875
-0.00091552734375, 0.51953125, -0.910491943359375, -0.037109375, 0.20928955078125, 0.027801513671875
0.102783203125, 0.2333984375, 0.072296142578125, -0.115264892578125, 0.056884765625, -0.055145263671875
0.095794677734375, 0.161956787109375, 0.166412353515625, -0.115570068359375, 0.058837890625, -0.063446044921875
0.069427490234375, 0.084136962890625, 0.073150634765625, -0.085845947265625, 0.07427978515625, -0.069427490234375
0.070037841796875, -0.00433349609375, -0.1260986328125, -0.05511474609375, 0.05657958984375, -0.07427978515625
0.0870361328125, -0.035186767578125, -0.106231689453125, -0.058990478515625, 0.047119140625, -0.07330322265625
0.103973388671875, -0.0731201171875, -0.06005859375, -0.058502197265625, 0.03314208984375, -0.0655517578125
0.12432861328125, -0.016387939453125, 0.0228271484375, -0.080902099609375, 0.0240478515625, -0.0465087890625
0.130950927734375, 0.00701904296875, 0.02886962890625, -0.084564208984375, 0.024566650390625, -0.0438232421875
0.134735107421875, 0.0345458984375, -0.01165771484375, -0.0789794921875, 0.026824951171875, -0.041900634765625
0.1116943359375, 0.029388427734375, -0.13470458984375, -0.04150390625, 0.016815185546875, -0.04913330078125
0.110015869140625, 0.00640869140625, -0.181549072265625, -0.038360595703125, 0.0118408203125, -0.0513916015625
0.08502197265625, -0.020843505859375, -0.244415283203125, -0.072540283203125, -0.0040283203125, -0.0576171875
0.050811767578125, -0.108734130859375, -0.498565673828125, -0.0579833984375, -0.06646728515625, -0.05224609375
-0.007843017578125, -0.1297607421875, -0.6431884765625, -0.042266845703125, -0.0927734375, -0.047332763671875
-0.210906982421875, -0.314910888671875, -0.96087646484375, 0.01226806640625, -0.180572509765625, -0.045989990234375
-0.9998779296875, -0.9998779296875, -0.448516845703125, 0.200927734375, -0.504852294921875, 0.0836181640625
-0.9998779296875, -0.9998779296875, 0.848541259765625, 0.223480224609375, -0.54351806640625, 0.169769287109375
-0.9998779296875, -0.9998779296875, 0.9998779296875, 0.3348388671875, -0.372589111328125, 0.2396240234375
-0.191314697265625, 0.9998779296875, 0.9998779296875, 0.0009765625, 0.020782470703125, 0.22442626953125
-0.056396484375, 0.9998779296875, 0.67083740234375, -0.11187744140625, 0.08868408203125, 0.142669677734375
-0.033233642578125, 0.1920166015625, 0.44329833984375, -0.177093505859375, 0.113739013671875, -0.024139404296875
0.00732421875, -0.370941162109375, 0.09967041015625, -0.016387939453125, 0.091064453125, -0.002960205078125
0.01751708984375, -0.260528564453125, 0.038482666015625, 0.016357421875, 0.077606201171875, 0.01690673828125
0.078826904296875, -0.06072998046875, -0.0311279296875, 0.032196044921875, 0.050750732421875, 0.037750244140625
0.122100830078125, 0.121856689453125, 0.05499267578125, -0.01300048828125, 0.012847900390625, 0.01507568359375
0.1168212890625, 0.114776611328125, 0.06793212890625, -0.031036376953125, 0.00543212890625, -0.007293701171875
0.0826416015625, 0.00177001953125, 0.10894775390625, -0.043487548828125, -0.00238037109375, -0.02587890625
0.06439208984375, -0.151458740234375, 0.231658935546875, -0.052947998046875, -0.012176513671875, -0.029815673828125
0.067230224609375, -0.1513671875, 0.2646484375, -0.05487060546875, -0.011322021484375, -0.024810791015625
0.066650390625, -0.135345458984375, 0.286468505859375, -0.041534423828125, -0.004058837890625, -0.01263427734375
0.061248779296875, -0.04083251953125, 0.215911865234375, -0.019439697265625, 0.00830078125, 0.00164794921875
0.05731201171875, -0.020477294921875, 0.191741943359375, -0.01666259765625, 0.008209228515625, 0.00146484375
0.077484130859375, -0.018341064453125, 0.105682373046875, -0.01885986328125, 0.00372314453125, -0.00225830078125
0.067657470703125, -0.061614990234375, 0.209716796875, -0.020111083984375, -0.009521484375, -0.01202392578125
0.0654296875, -0.068572998046875, 0.21142578125, -0.022857666015625, -0.00885009765625, -0.011932373046875
0.06329345703125, -0.0753173828125, 0.23760986328125, -0.030181884765625, -0.00885009765625, -0.011627197265625
0.065155029296875, -0.088958740234375, 0.275970458984375, -0.01922607421875, -0.000640869140625, -0.005279541015625
0.06695556640625, -0.0860595703125, 0.22174072265625, -0.007110595703125, 0.003814697265625, -0.001068115234375
0.06597900390625, -0.065399169921875, 0.191680908203125, -0.0023193359375, -0.000335693359375, -0.000091552734375
0.0677490234375, -0.04620361328125, 0.210845947265625, 0.0001220703125, -0.007720947265625, 0.001312255859375
0.067718505859375, -0.0435791015625, 0.22064208984375, 0.000213623046875, -0.008941650390625, 0.00079345703125
0.070892333984375, -0.05023193359375, 0.233489990234375, -0.00244140625, -0.009246826171875, -0.00067138671875
0.067169189453125, -0.032257080078125, 0.2474365234375, -0.007843017578125, -0.00579833984375, -0.000396728515625
0.067626953125, -0.024749755859375, 0.25799560546875, -0.008270263671875, -0.00494384765625, -0.0009765625

-0.1375732421875, -0.9998779296875, -0.9998779296875, 0.0096435546875, -0.08001708984375, -0.04229736328125
-0.390472412109375, -0.9998779296875, -0.9998779296875, 0.055206298828125, -0.175750732421875, 0.00799560546875
-0.9998779296875, -0.9998779296875, 0.525604248046875, -0.00732421875, -0.350189208984375, 0.2261962890625
-0.470977783203125, 0.9998779296875, 0.9998779296875, -0.039703369140625, 0.040069580078125, 0.30145263671875
-0.37762451171875, 0.9998779296875, 0.9998779296875, -0.024444580078125, 0.17742919921875, 0.1904296875
-0.433319091796875, 0.4337158203125, 0.324127197265625, -0.147369384765625, 0.2596435546875, -0.0255126953125
-0.146392822265625, -0.021759033203125, -0.177398681640625, 0.06121826171875, 0.184722900390625, 0.0404052734375
-0.09136962890625, 0.307098388671875, 0.000579833984375, 0.080657958984375, 0.15020751953125, 0.0611572265625
-0.00115966796875, 0.6015625, 0.15924072265625, 0.093414306640625, 0.125244140625, 0.046905517578125
0.01849365234375, 0.35870361328125, -0.083892822265625, -0.015472412109375, 0.122955322265625, -0.054962158203125
0.0281982421875, 0.157135009765625, -0.191650390625, -0.019561767578125, 0.09698486328125, -0.06396484375
0.05767822265625, 0.086151123046875, -0.163116455078125, -0.019927978515625, 0.07110595703125, -0.063323974609375
0.08197021484375, 0.071533203125, -0.032012939453125, -0.05572509765625, 0.047027587890625, -0.063507080078125
0.086212158203125, 0.0858154296875, 0.0140380859375, -0.065673828125, 0.044342041015625, -0.06341552734375
0.09222412109375, 0.074005126953125, 0.026336669921875, -0.072021484375, 0.047821044921875, -0.065399169921875
0.09112548828125, 0.008697509765625, -0.085906982421875, -0.071258544921875, 0.051239013671875, -0.067657470703125
0.090240478515625, 0.002227783203125, -0.11468505859375, -0.078643798828125, 0.04888916015625, -0.06719970703125
0.081024169921875, 0.021514892578125, -0.164947509765625, -0.097991943359375, 0.04107666015625, -0.06671142578125
0.064788818359375, 0.01580810546875, -0.3045654296875, -0.09210205078125, -0.004974365234375, -0.07855224609375
0.03533935546875, 0.0164794921875, -0.481597900390625, -0.080322265625, -0.02392578125, -0.08135986328125
-0.142913818359375, -0.064422607421875, -0.915008544921875, 0.00250244140625, -0.08868408203125, -0.089019775390625
-0.9998779296875, -0.9998779296875, -0.9998779296875, 0.03839111328125, -0.39398193359375, -0.0594482421875
-0.9998779296875, -0.9998779296875, -0.906158447265625, 0.078765869140625, -0.491943359375, 0.025054931640625
-0.9998779296875, -0.9998779296875, 0.875, 0.08367919921875, -0.6121826171875, 0.213775634765625
-0.67181396484375, -0.024688720703125, 0.9998779296875, 0.339691162109375, -0.196807861328125, 0.306365966796875
-0.382904052734375, 0.879150390625, 0.9998779296875, 0.197784423828125, -0.03973388671875, 0.274566650390625
-0.081298828125, 0.9998779296875, 0.48779296875, -0.13616943359375, 0.12701416015625, 0.090667724609375
-0.065673828125, -0.5682373046875, 0.455963134765625, -0.136566162109375, 0.125885009765625, -0.09442138671875
-0.0487060546875, -0.56103515625, 0.261016845703125, -0.06640625, 0.1234130859375, -0.06005859375
0.016143798828125, -0.29095458984375, -0.06878662109375, 0.012939453125, 0.09893798828125, 0.00775146484375
0.131988525390625, 0.175933837890625, 0.001007080078125, 0.0062255859375, 0.023284912109375, 0.01800537109375
0.14385986328125, 0.1905517578125, 0.08770751953125, -0.0238037109375, 0.011688232421875, 0.002593994140625
0.116241455078125, 0.1077880859375, 0.109527587890625, -0.034515380859375, 0.0081787109375, -0.025421142578125
0.070556640625, -0.104522705078125, 0.158905029296875, -0.0433349609375, -0.00250244140625, -0.046173095703125
0.065277099609375, -0.134613037109375, 0.172332763671875, -0.044525146484375, -0.004364013671875, -0.0430908203125
0.06671142578125, -0.158966064453125, 0.20831298828125, -0.046905517578125, -0.006591796875, -0.03070068359375
0.0675048828125, -0.088714599609375, 0.24957275390625, -0.045989990234375, -0.002044677734375, -0.002685546875
0.0654296875, -0.056488037109375, 0.24993896484375, -0.04217529296875, -0.000579833984375, 0.001251220703125
0.061370849609375, -0.007049560546875, 0.228057861328125, -0.03033447265625, 0.00177001953125, 0.0040283203125
0.049041748046875, 0.0048828125, 0.186370849609375, 0.012451171875, -0.00970458984375, -0.0040283203125
0.05859375, -0.021575927734375, 0.198516845703125, 0.01190185546875, -0.012542724609375, -0.00567626953125
0.06488037109375, -0.051055908203125, 0.23077392578125, 0.00726318359375, -0.01519775390625, -0.006500244140625
0.07666015625, -0.04705810546875, 0.2747802734375, 0.0009765625, -0.009124755859375, -0.001312255859375
0.07598876953125, -0.03985595703125, 0.282806396484375, -0.00128173828125, -0.00628662109375, -0.00079345703125
0.07177734375, -0.035614013671875, 0.27032470703125, -0.002532958984375, 0.000335693359375, 0.000244140625
0.0655517578125, -0.006011962890625, 0.2200927734375, -0.000518798828125, 0.00341796875, 0.000579833984375
0.066802978515625, -0.008056640625, 0.216949462890625, 0.00238037109375, 0.001556396484375, -0.00067138671875
0.066680908203125, -0.018646240234375, 0.22216796875, 0.007659912109375, -0.0023193359375, -0.002899169921875
0.06719970703125, -0.039825439453125, 0.255126953125, 0.0106201171875, -0.00579833984375, -0.00323486328125
0.06890869140625, -0.0360107421875, 0.264892578125, 0.0084228515625, -0.004913330078125, -0.002960205078125

-0.9998779296875, -0.9998779296875, -0.5269775390625, -0.02056884765625, -0.258697509765625, 0.17437744140625
-0.9998779296875, 0.934417724609375, 0.9998779296875, -0.040740966796875, -0.058013916015625, 0.38336181640625
-0.37420654296875, 0.9998779296875, 0.9998779296875, -0.0281982421875, 0.22760009765625, 0.143218994140625
-0.701995849609375, 0.03631591796875, 0.334228515625, -0.189727783203125, 0.3311767578125, -0.059722900390625
-0.118316650390625, 0.206329345703125, -0.803985595703125, 0.021392822265625, 0.210113525390625, 0.022796630859375
-0.041473388671875, 0.502105712890625, -0.4188232421875, 0.028778076171875, 0.131500244140625, 0.03045654296875
0.05804443359375, 0.58197021484375, 0.248046875, 0.010650634765625, 0.0716552734375, -0.018798828125
-0.021240234375, 0.220977783203125, 0.013397216796875, -0.0257568359375, 0.118011474609375, -0.084747314453125
-0.0177001953125, 0.138702392578125, -0.087158203125, -0.024261474609375, 0.11627197265625, -0.090240478515625
0.00836181640625, 0.0172119140625, -0.159393310546875, -0.032318115234375, 0.096893310546875, -0.09136962890625
0.073760986328125, -0.04278564453125, -0.012298583984375, -0.059356689453125, 0.053558349609375, -0.063507080078125
0.089874267578125, -0.0283203125, -0.002685546875, -0.0625, 0.05108642578125, -0.059326171875
0.105987548828125, -0.021575927734375, -0.00469970703125, -0.058502197265625, 0.0487060546875, -0.0521240234375
0.1336669921875, -0.014617919921875, -0.02545166015625, -0.055633544921875, 0.04290771484375, -0.04144287109375
0.143035888671875, -0.0008544921875, -0.027008056640625, -0.058502197265625, 0.041473388671875, -0.039276123046875
0.143402099609375, 0.03826904296875, -0.038726806640625, -0.07354736328125, 0.037353515625, -0.0377197265625
0.1461181640625, 0.070068359375, -0.083587646484375, -0.069793701171875, 0.025360107421875, -0.046356201171875
0.140533447265625, 0.07513427734375, -0.086517333984375, -0.069427490234375, 0.021514892578125, -0.050018310546875
0.127777099609375, 0.049835205078125, -0.11444091796875, -0.065338134765625, 0.012847900390625, -0.059326171875
0.0970458984375, -0.031005859375, -0.23016357421875, -0.0286865234375, -0.011444091796875, -0.072509765625
0.080902099609375, -0.082122802734375, -0.32354736328125, -0.0208740234375, -0.02020263671875, -0.0740966796875
0.03741455078125, -0.08203125, -0.50335693359375, -0.023223876953125, -0.049560546875, -0.076446533203125
-0.6309814453125, -0.6910400390625, -0.9998779296875, 0.071533203125, -0.355316162109375, -0.0745849609375
-0.9998779296875, -0.9998779296875, -0.9998779296875, 0.11212158203125, -0.466094970703125, -0.038604736328125
-0.9998779296875, -0.9998779296875, -0.0263671875, 0.14080810546875, -0.627471923828125, 0.088592529296875
-0.9998779296875, -0.9998779296875, 0.9998779296875, 0.331298828125, -0.447998046875, 0.314544677734375
-0.99951171875, -0.443756103515625, 0.9998779296875, 0.286041259765625, -0.261932373046875, 0.356170654296875
-0.250030517578125, 0.9998779296875, 0.9998779296875, -0.035858154296875, 0.0753173828125, 0.288055419921875
-0.107574462890625, -0.448272705078125, 0.188018798828125, -0.215850830078125, 0.142791748046875, -0.109222412109375
-0.0543212890625, -0.68450927734375, 0.203765869140625, -0.1900634765625, 0.121490478515625, -0.09906005859375
-0.004730224609375, -0.5419921875, 0.185333251953125, -0.045989990234375, 0.081024169921875, -0.01849365234375
0.082916259765625, -0.049713134765625, 0.094970703125, 0.043426513671875, 0.0364990234375, 0.057281494140625
0.115234375, 0.047515869140625, 0.0882568359375, 0.028564453125, 0.03192138671875, 0.050537109375
0.14434814453125, 0.16131591796875, 0.029632568359375, -0.00091552734375, 0.0277099609375, 0.044525146484375
0.102935791015625, 0.035552978515625, 0.074310302734375, -0.033355712890625, 0.000213623046875, -0.0281982421875
0.091156005859375, -0.025665283203125, 0.11126708984375, -0.035736083984375, -0.005035400390625, -0.035919189453125
0.077392578125, -0.119049072265625, 0.2015380859375, -0.046295166015625, -0.010650634765625, -0.040313720703125
0.077728271484375, -0.1588134765625, 0.249267578125, -0.066162109375, 0.00439453125, -0.017822265625
0.076324462890625, -0.135040283203125, 0.234283447265625, -0.066802978515625, 0.0084228515625, -0.01031494140625
0.072509765625, -0.07562255859375, 0.209869384765625, -0.0555419921875, 0.009979248046875, 0.00079345703125
0.07550048828125, -0.030548095703125, 0.158721923828125, -0.00244140625, -0.000732421875, 0.0020751953125
0.072174072265625, -0.026092529296875, 0.150054931640625, 0.00457763671875, -0.00384521484375, 0.0009765625
0.072296142578125, -0.02996826171875, 0.16326904296875, 0.00872802734375, -0.011505126953125, -0.0018310546875
0.07623291015625, -0.045257568359375, 0.22650146484375, -0.000152587890625, -0.0157470703125, -0.00689697265625
0.074615478515625, -0.048431396484375, 0.24072265625, -0.00286865234375, -0.0142822265625, -0.00787353515625
0.08148193359375, -0.053314208984375, 0.259521484375, -0.01409912109375, -0.009857177734375, -0.00933837890625
0.0782470703125, -0.051361083984375, 0.25408935546875, -0.01995849609375, 0.00189208984375, -0.008087158203125
0.0782470703125, -0.054046630859375, 0.249176025390625, -0.017822265625, 0.002532958984375, -0.007415771484375
0.07928466796875, -0.059234619140625, 0.240264892578125, -0.012786865234375, 0.002685546875, -0.005462646484375
0.081146240234375, -0.049163818359375, 0.22564697265625, -0.00238037109375, 0.000396728515625, -0.00091552734375

-0.15533447265625, -0.9998779296875, -0.761810302734375, 0.108184814453125, -0.10833740234375, -0.05224609375
-0.440765380859375, -0.9998779296875, -0.808746337890625, 0.08245849609375, -0.1729736328125, -0.010345458984375
-0.9998779296875, -0.9998779296875, 0.659423828125, -0.0126953125, -0.29833984375, 0.226806640625
-0.517791748046875, 0.9998779296875, 0.9998779296875, 0.00201416015625, 0.106597900390625, 0.3282470703125
-0.44488525390625, 0.9998779296875, 0.9998779296875, -0.0225830078125, 0.236297607421875, 0.177459716796875
-0.698455810546875, -0.180084228515625, 0.40728759765625, -0.2489013671875, 0.3363037109375, -0.068695068359375
0.0174560546875, 0.568389892578125, -0.053436279296875, 0.0755615234375, 0.102996826171875, 0.063323974609375
0.059600830078125, 0.62017822265625, 0.17974853515625, 0.065216064453125, 0.086212158203125, 0.039154052734375
0.059722900390625, 0.49737548828125, 0.24139404296875, 0.018341064453125, 0.104888916015625, -0.01300048828125
0.02764892578125, 0.13775634765625, -0.173614501953125, -0.007843017578125, 0.12225341796875, -0.061279296875
0.0389404296875, 0.097442626953125, -0.2098388671875, -0.008544921875, 0.11114501953125, -0.06201171875
0.06341552734375, 0.04803466796875, -0.18896484375, -0.02001953125, 0.084259033203125, -0.05975341796875
0.099945068359375, -0.00146484375, -0.080780029296875, -0.046539306640625, 0.052154541015625, -0.0513916015625
0.108734130859375, -0.003692626953125, -0.060943603515625, -0.05340576171875, 0.04901123046875, -0.048309326171875
0.11700439453125, 0.003631591796875, -0.03662109375, -0.06182861328125, 0.0460205078125, -0.04193115234375
0.1407470703125, 0.0379638671875, -0.0811767578125, -0.076904296875, 0.044830322265625, -0.03570556640625
0.14276123046875, 0.05816650390625, -0.089935302734375, -0.07989501953125, 0.039337158203125, -0.037689208984375
0.135833740234375, 0.07501220703125, -0.11676025390625, -0.067352294921875, 0.030609130859375, -0.043212890625
0.1158447265625, 0.0284423828125, -0.148651123046875, -0.062347412109375, 0.00787353515625, -0.060699462890625
0.114410400390625, 0.010040283203125, -0.145660400390625, -0.059295654296875, 0.001678466796875, -0.063995361328125
0.102783203125, -0.008758544921875, -0.132049560546875, -0.055633544921875, -0.00811767578125, -0.067901611328125
0.095428466796875, -0.07940673828125, -0.22412109375, -0.0865478515625, -0.02728271484375, -0.0693359375
0.08929443359375, -0.08123779296875, -0.2659912109375, -0.087249755859375, -0.037261962890625, -0.067138671875
0.053009033203125, -0.09356689453125, -0.41973876953125, -0.054443359375, -0.064178466796875, -0.062774658203125
-0.56890869140625, -0.599945068359375, -0.9998779296875, 0.042236328125, -0.250701904296875, -0.063720703125
-0.9998779296875, -0.9998779296875, -0.9998779296875, 0.04150390625, -0.357818603515625, -0.056304931640625
-0.9998779296875, -0.9998779296875, -0.472381591796875, 0.06964111328125, -0.56378173828125, 0.052276611328125
-0.9998779296875, -0.9998779296875, 0.9998779296875, 0.313201904296875, -0.546783447265625, 0.33050537109375
-0.930450439453125, -0.293243408203125, 0.9998779296875, 0.1904296875, -0.083587646484375, 0.327392578125
-0.08245849609375, 0.9998779296875, 0.606597900390625, -0.13427734375, 0.13580322265625, 0.1470947265625
-0.0938720703125, -0.44970703125, 0.2474365234375, -0.2083740234375, 0.13818359375, -0.08453369140625
-0.038299560546875, -0.69183349609375, 0.1854248046875, -0.143157958984375, 0.123504638671875, -0.07220458984375
-0.00079345703125, -0.50823974609375, 0.062591552734375, -0.008392333984375, 0.086822509765625, 0.007232666015625
0.091522216796875, 0.013641357421875, 0.04632568359375, 0.05694580078125, 0.022552490234375, 0.07122802734375
0.120758056640625, 0.089569091796875, 0.0599365234375, 0.043212890625, 0.015533447265625, 0.068115234375
0.135589599609375, 0.164947509765625, 0.0401611328125, 0.004302978515625, 0.0103759765625, 0.04876708984375
0.117340087890625, 0.120941162109375, 0.077178955078125, -0.026458740234375, -0.006744384765625, -0.02423095703125
0.085968017578125, 0.00506591796875, 0.12579345703125, -0.0264892578125, -0.010955810546875, -0.0328369140625
0.069854736328125, -0.097412109375, 0.196746826171875, -0.033172607421875, -0.0147705078125, -0.03961181640625
0.073699951171875, -0.156341552734375, 0.266632080078125, -0.055389404296875, -0.00018310546875, -0.021820068359375
0.072601318359375, -0.136077880859375, 0.264434814453125, -0.059234619140625, 0.01068115234375, -0.00897216796875
0.0665283203125, -0.056243896484375, 0.198150634765625, -0.05877685546875, 0.016265869140625, -0.0020751953125
0.060577392578125, -0.0147705078125, 0.13092041015625, -0.027557373046875, 0.0068359375, -0.00494384765625
0.06231689453125, -0.02117919921875, 0.131378173828125, -0.016265869140625, 0.0001220703125, -0.007843017578125
0.072235107421875, -0.0596923828125, 0.164031982421875, -0.000518798828125, -0.011962890625, -0.013580322265625
0.071868896484375, -0.10784912109375, 0.226654052734375, 0.000244140625, -0.01556396484375, -0.01031494140625
0.073211669921875, -0.096405029296875, 0.24029541015625, -0.004913330078125, -0.01422119140625, -0.00823974609375
0.071746826171875, -0.067840576171875, 0.263519287109375, -0.015869140625, -0.0098876953125, -0.006744384765625
0.07086181640625, -0.06640625, 0.252655029296875, -0.038787841796875, 0.003326416015625, -0.009429931640625
0.077178955078125, -0.06353759765625, 0.250579833984375, -0.042022705078125, 0.0042724609375, -0.008941650390625

-0.102874755859375, -0.66455078125, -0.585845947265625, 0.061431884765625, -0.0450439453125, -0.061187744140625
-0.9998779296875, -0.9998779296875, 0.968658447265625, -0.0372314453125, -0.276824951171875, 0.244873046875
-0.9998779296875, -0.48040771484375, 0.9998779296875, -0.008270263671875, -0.15740966796875, 0.39385986328125
-0.4129638671875, 0.9998779296875, 0.9998779296875, 0.02294921875, 0.16339111328125, 0.228973388671875
-0.47283935546875, -0.84014892578125, 0.05548095703125, -0.196868896484375, 0.301910400390625, -0.113250732421875
-0.343536376953125, -0.690185546875, -0.367340087890625, -0.05419921875, 0.2796630859375, -0.052947998046875
-0.17559814453125, 0.221343994140625, -0.214752197265625, 0.117523193359375, 0.18035888671875, 0.049072265625
-0.048614501953125, 0.527130126953125, 0.093780517578125, 0.058746337890625, 0.148406982421875, 0.00921630859375
-0.03778076171875, 0.431121826171875, -0.03765869140625, 0.012664794921875, 0.159698486328125, -0.01226806640625
-0.01092529296875, 0.181365966796875, -0.28155517578125, -0.0103759765625, 0.157012939453125, -0.03924560546875
0.06353759765625, 0.061553955078125, -0.318939208984375, -0.035614013671875, 0.08795166015625, -0.03460693359375
0.07196044921875, 0.0703125, -0.256195068359375, -0.04827880859375, 0.057525634765625, -0.03558349609375
0.098419189453125, 0.07757568359375, -0.03900146484375, -0.09185791015625, 0.0479736328125, -0.039215087890625
0.111053466796875, 0.069549560546875, -0.05029296875, -0.09942626953125, 0.05938720703125, -0.043243408203125
0.116607666015625, 0.067657470703125, -0.097808837890625, -0.10894775390625, 0.06182861328125, -0.048126220703125
0.10986328125, 0.02691650390625, -0.20172119140625, -0.103759765625, 0.052215576171875, -0.054718017578125
0.092315673828125, -0.005828857421875, -0.21435546875, -0.095062255859375, 0.020355224609375, -0.05902099609375
0.096099853515625, -0.009246826171875, -0.20965576171875, -0.085418701171875, 0.012542724609375, -0.059356689453125
0.07940673828125, -0.053466796875, -0.2708740234375, -0.0592041015625, -0.002716064453125, -0.059661865234375
0.024871826171875, -0.042266845703125, -0.481536865234375, -0.073516845703125, -0.057586669921875, -0.066253662109375
-0.02191162109375, -0.065582275390625, -0.60858154296875, -0.040283203125, -0.08062744140625, -0.066802978515625
-0.23919677734375, -0.250640869140625, -0.9952392578125, 0.002593994140625, -0.153717041015625, -0.071929931640625
-0.9998779296875, -0.9998779296875, -0.94989013671875, 0.03729248046875, -0.581817626953125, 0.08404541015625
-0.9998779296875, -0.9998779296875, 0.348236083984375, 0.088104248046875, -0.662109375, 0.220428466796875
-0.9998779296875, -0.9998779296875, 0.9998779296875, 0.25213623046875, -0.54071044921875, 0.338897705078125
-0.986175537109375, -0.16015625, 0.9998779296875, 0.2115478515625, -0.04486083984375, 0.361175537109375
-0.22576904296875, 0.9998779296875, 0.995452880859375, 0.050140380859375, 0.138458251953125, 0.174163818359375
-0.08245849609375, 0.33074951171875, 0.291107177734375, -0.240325927734375, 0.131103515625, -0.063201904296875
-0.0225830078125, -0.62847900390625, 0.1650390625, -0.075439453125, 0.095367431640625, -0.07379150390625
-0.00799560546875, -0.53680419921875, 0.06878662109375, -0.03167724609375, 0.080322265625, -0.034759521484375
0.040924072265625, -0.25604248046875, -0.015655517578125, 0.02972412109375, 0.04449462890625, 0.024383544921875
0.146942138671875, 0.13653564453125, 0.12518310546875, -0.008056640625, 0.0052490234375, 0.041046142578125
0.149932861328125, 0.184173583984375, 0.136383056640625, -0.014251708984375, 0.00482177734375, 0.030853271484375
0.1390380859375, 0.191253662109375, 0.124237060546875, -0.01580810546875, 0.004638671875, 0.00244140625
0.06842041015625, -0.103759765625, 0.181304931640625, -0.011627197265625, -0.009857177734375, -0.04693603515625
0.06744384765625, -0.15277099609375, 0.205474853515625, -0.018463134765625, -0.0101318359375, -0.045440673828125
0.065155029296875, -0.18096923828125, 0.246063232421875, -0.035919189453125, -0.005889892578125, -0.033355712890625
0.062225341796875, -0.08148193359375, 0.254425048828125, -0.049346923828125, 0.006866455078125, -0.00811767578125
0.061431884765625, -0.060882568359375, 0.240570068359375, -0.04547119140625, 0.0086669921875, -0.006988525390625
0.053070068359375, -0.04144287109375, 0.21026611328125, -0.027557373046875, 0.007904052734375, -0.008331298828125
0.050811767578125, -0.076751708984375, 0.1783447265625, 0.01385498046875, -0.00506591796875, -0.013916015625
0.049346923828125, -0.092926025390625, 0.18206787109375, 0.01715087890625, -0.00811767578125, -0.014801025390625
0.05230712890625, -0.127838134765625, 0.206146240234375, 0.012420654296875, -0.011444091796875, -0.01513671875
0.0596923828125, -0.137176513671875, 0.239044189453125, -0.008087158203125, -0.002105712890625, -0.00189208984375
0.056793212890625, -0.11590576171875, 0.226318359375, -0.0107421875, -0.00115966796875, 0.00054931640625
0.056060791015625, -0.0919189453125, 0.235992431640625, -0.01904296875, -0.00042724609375, 0.002899169921875
0.0633544921875, -0.051361083984375, 0.2315673828125, -0.012451171875, 0.000244140625, 0.004119873046875
0.06329345703125, -0.052032470703125, 0.23284912109375, -0.00848388671875, 0.0001220703125, 0.002655029296875
0.06219482421875, -0.059112548828125, 0.235870361328125, -0.005523681640625, 0.000244140625, 0.000152587890625
0.06182861328125, -0.045318603515625, 0.232391357421875, -0.00482177734375, 0.00146484375, -0.001953125

-0.1256103515625, -0.999237060546875, -0.4293212890625, 0.00677490234375, -0.050506591796875, -0.011260986328125
-0.9998779296875, -0.955718994140625, 0.9998779296875, -0.07891845703125, -0.198699951171875, 0.31475830078125
-0.9998779296875, -0.036407470703125, 0.9998779296875, -0.05096435546875, -0.17425537109375, 0.38397216796875
-0.696990966796875, 0.9998779296875, 0.9998779296875, 0.006683349609375, 0.02801513671875, 0.345703125
-0.9998779296875, 0.065338134765625, 0.502655029296875, -0.130035400390625, 0.386993408203125, -0.078155517578125
-0.796142578125, -0.50628662109375, -0.295257568359375, -0.14874267578125, 0.406005859375, -0.092498779296875
-0.3135986328125, -0.220245361328125, -0.886199951171875, -0.104278564453125, 0.32330322265625, -0.0157470703125
0.01141357421875, 0.558349609375, -0.291259765625, -0.07000732421875, 0.110687255859375, -0.040496826171875
0.014984130859375, 0.548492431640625, -0.165740966796875, -0.066650390625, 0.08172607421875, -0.06951904296875
-0.030517578125, 0.319000244140625, -0.191650390625, 0.001556396484375, 0.06884765625, -0.115203857421875
-0.04620361328125, 0.034515380859375, -0.22021484375, -0.016632080078125, 0.04998779296875, -0.135894775390625
-0.031646728515625, -0.07666015625, -0.187255859375, -0.031005859375, 0.045623779296875, -0.125152587890625
-0.00238037109375, -0.144317626953125, -0.1075439453125, -0.07281494140625, 0.035858154296875, -0.108367919921875
0.0333251953125, -0.137847900390625, -0.11822509765625, -0.08282470703125, 0.031707763671875, -0.0806884765625
0.03955078125, -0.120941162109375, -0.113800048828125, -0.08953857421875, 0.029510498046875, -0.072967529296875
0.048919677734375, -0.107513427734375, -0.13787841796875, -0.1212158203125, 0.02655029296875, -0.06396484375
0.033203125, -0.083648681640625, -0.422454833984375, -0.12518310546875, 0.00323486328125, -0.058013916015625
-0.01300048828125, -0.132537841796875, -0.643035888671875, -0.086883544921875, -0.013397216796875, -0.055206298828125
-0.187225341796875, -0.384246826171875, -0.9998779296875, 0.027252197265625, -0.1011962890625, -0.05224609375
-0.9998779296875, -0.9998779296875, -0.02471923828125, 0.140777587890625, -0.695953369140625, 0.155487060546875
-0.9998779296875, -0.9998779296875, 0.9998779296875, 0.135589599609375, -0.740570068359375, 0.223114013671875
-0.9998779296875, -0.9998779296875, 0.9998779296875, 0.32867431640625, -0.64556884765625, 0.35687255859375
-0.165313720703125, 0.9998779296875, 0.9998779296875, 0.015625, 0.08367919921875, 0.307342529296875
-0.047454833984375, 0.9998779296875, 0.24169921875, -0.114837646484375, 0.171142578125, 0.158721923828125
-0.182708740234375, 0.3712158203125, 0.065765380859375, -0.249969482421875, 0.138031005859375, -0.129913330078125
-0.000152587890625, -0.6568603515625, 0.254608154296875, -0.029693603515625, 0.050628662109375, -0.090728759765625
0.026611328125, -0.53460693359375, 0.19189453125, 0.00909423828125, 0.041534423828125, -0.04559326171875
0.07672119140625, -0.290313720703125, 0.114715576171875, 0.05517578125, 0.023834228515625, 0.012725830078125
0.1197509765625, 0.017578125, 0.13555908203125, 0.012847900390625, 0.010986328125, 0.031982421875
0.124755859375, 0.06146240234375, 0.126861572265625, 0.002227783203125, 0.01165771484375, 0.0244140625
0.113037109375, 0.067413330078125, 0.08770751953125, -0.0042724609375, 0.009796142578125, 0.00286865234375
0.05792236328125, -0.107421875, 0.169891357421875, -0.003814697265625, -0.00897216796875, -0.03948974609375
0.056365966796875, -0.145721435546875, 0.194671630859375, -0.006683349609375, -0.009796142578125, -0.041351318359375
0.057708740234375, -0.203460693359375, 0.229827880859375, -0.019805908203125, -0.00634765625, -0.038055419921875
0.043670654296875, -0.137847900390625, 0.25408935546875, -0.034698486328125, 0.00323486328125, -0.0145263671875
0.036224365234375, -0.097503662109375, 0.261749267578125, -0.033782958984375, 0.004852294921875, -0.012847900390625
0.02264404296875, -0.074066162109375, 0.26092529296875, -0.024993896484375, 0.008331298828125, -0.01751708984375
0.03125, -0.16455078125, 0.234649658203125, -0.012542724609375, 0.013458251953125, -0.02362060546875
0.0323486328125, -0.17755126953125, 0.22406005859375, -0.011932373046875, 0.01422119140625, -0.02105712890625
0.040740966796875, -0.1793212890625, 0.203338623046875, -0.013824462890625, 0.014617919921875, -0.014068603515625
0.0516357421875, -0.123870849609375, 0.20294189453125, -0.020263671875, 0.009613037109375, -0.0020751953125
0.051971435546875, -0.0943603515625, 0.210357666015625, -0.02081298828125, 0.00909423828125, -0.002197265625
0.0587158203125, -0.073333740234375, 0.221649169921875, -0.0263671875, 0.009368896484375, -0.004302978515625
0.060577392578125, -0.07623291015625, 0.2325439453125, -0.03240966796875, 0.009979248046875, -0.006591796875
0.063140869140625, -0.0797119140625, 0.236114501953125, -0.030242919921875, 0.01019287109375, -0.007354736328125
0.062896728515625, -0.081512451171875, 0.232757568359375, -0.0216064453125, 0.0118408203125, -0.00750732421875
0.06561279296875, -0.085601806640625, 0.20147705078125, -0.008026123046875, 0.010955810546875, -0.006378173828125
0.064666748046875, -0.0848388671875, 0.1927490234375, -0.005645751953125, 0.009552001953125, -0.0059814453125
0.06329345703125, -0.082183837890625, 0.179718017578125, -0.003814697265625, 0.006072998046875, -0.005126953125
0.06390380859375, -0.089080810546875, 0.212799072265625, -0.011688232421875, -0.002197265625, -0.004364013671875

-0.9998779296875, -0.998138427734375, 0.9998779296875, -0.043304443359375, -0.315032958984375, 0.339202880859375
-0.9998779296875, 0.094024658203125, 0.9998779296875, -0.012542724609375, -0.26947021484375, 0.4212646484375
-0.547332763671875, 0.9998779296875, 0.9998779296875, -0.025787353515625, 0.0267333984375, 0.340118408203125
-0.492919921875, -0.13848876953125, 0.370025634765625, -0.1055908203125, 0.281280517578125, -0.02752685546875
-0.3707275390625, -0.409515380859375, -0.078216552734375, -0.071258544921875, 0.284027099609375, -0.015625
-0.1597900390625, 0.2208251953125, -0.40692138671875, 0.121673583984375, 0.2120361328125, 0.07806396484375
0.091522216796875, 0.741943359375, 0.08209228515625, -0.016845703125, 0.11920166015625, 0.0185546875
0.1009521484375, 0.657012939453125, 0.019561767578125, -0.056427001953125, 0.12249755859375, -0.013916015625
0.067047119140625, 0.422088623046875, -0.13330078125, -0.0506591796875, 0.11407470703125, -0.063140869140625
0.048583984375, 0.098907470703125, -0.07135009765625, -0.031341552734375, 0.06829833984375, -0.099945068359375
0.049957275390625, 0.062042236328125, -0.0296630859375, -0.0458984375, 0.062744140625, -0.101715087890625
0.054595947265625, 0.00390625, 0.01104736328125, -0.069732666015625, 0.059539794921875, -0.100494384765625
0.066314697265625, -0.03887939453125, 0.0169677734375, -0.0885009765625, 0.06219482421875, -0.085906982421875
0.067413330078125, -0.0560302734375, -0.000701904296875, -0.087738037109375, 0.064208984375, -0.08428955078125
0.070343017578125, -0.08172607421875, -0.057525634765625, -0.098358154296875, 0.06622314453125, -0.08074951171875
0.045684814453125, -0.12286376953125, -0.0887451171875, -0.0982666015625, 0.0562744140625, -0.0751953125
0.0496826171875, -0.158721923828125, -0.131591796875, -0.095001220703125, 0.054412841796875, -0.07354736328125
0.0487060546875, -0.175750732421875, -0.2667236328125, -0.107086181640625, 0.046142578125, -0.06768798828125
-0.10595703125, -0.367401123046875, -0.9998779296875, -0.02105712890625, -0.045440673828125, -0.039031982421875
-0.23394775390625, -0.60040283203125, -0.9998779296875, 0.03948974609375, -0.241363525390625, -0.025634765625
-0.9998779296875, -0.9998779296875, -0.9998779296875, 0.050384521484375, -0.528656005859375, 0.05828857421875
-0.9998779296875, -0.9998779296875, 0.9998779296875, 0.13531494140625, -0.718841552734375, 0.331817626953125
-0.9998779296875, -0.9998779296875, 0.9998779296875, 0.19305419921875, -0.6153564453125, 0.401763916015625
-0.9998779296875, 0.4871826171875, 0.9998779296875, 0.28546142578125, -0.156768798828125, 0.45166015625
-0.02935791015625, 0.9998779296875, -0.339447021484375, -0.2083740234375, 0.093963623046875, -0.0208740234375
-0.120208740234375, 0.630950927734375, 0.3115234375, -0.223388671875, 0.031707763671875, -0.1339111328125
-0.13226318359375, -0.417266845703125, 0.9990234375, -0.18133544921875, 0.010101318359375, -0.1900634765625
-0.03460693359375, -0.445648193359375, 0.23284912109375, 0.001434326171875, 0.1063232421875, -0.032501220703125
0.003082275390625, -0.302764892578125, 0.08184814453125, 0.008392333984375, 0.105010986328125, -0.001617431640625
0.0682373046875, -0.05645751953125, -0.05096435546875, 0.015594482421875, 0.08099365234375, 0.03033447265625
0.121063232421875, 0.13348388671875, -0.02447509765625, 0.021026611328125, 0.0224609375, 0.007568359375
0.111297607421875, 0.11029052734375, 0.001953125, 0.02099609375, 0.01129150390625, -0.020355224609375
0.074462890625, -0.02423095703125, 0.09576416015625, 0.003509521484375, -0.011505126953125, -0.031524658203125
0.067840576171875, -0.127471923828125, 0.220184326171875, -0.0323486328125, -0.016937255859375, -0.029266357421875
0.064697265625, -0.148284912109375, 0.270263671875, -0.036834716796875, -0.013275146484375, -0.01654052734375
0.0689697265625, -0.077545166015625, 0.28173828125, -0.042327880859375, 0.0003662109375, -0.00506591796875
0.050262451171875, -0.016082763671875, 0.221893310546875, -0.026702880859375, 0.0074462890625, -0.002166748046875
0.05413818359375, -0.012451171875, 0.201629638671875, -0.015869140625, 0.0057373046875, -0.003509521484375
0.057342529296875, -0.025726318359375, 0.187744140625, 0.001983642578125, -0.0010986328125, -0.00787353515625
0.06195068359375, -0.1077880859375, 0.207550048828125, 0.007568359375, -0.009246826171875, -0.00830078125
0.061492919921875, -0.105743408203125, 0.220184326171875, 0.002716064453125, -0.009368896484375, -0.005645751953125
0.054840087890625, -0.08538818359375, 0.23724365234375, -0.00592041015625, -0.0081787109375, -0.00091552734375
0.071624755859375, -0.046417236328125, 0.235626220703125, -0.009979248046875, -0.003021240234375, 0.00042724609375
0.048980712890625, -0.028961181640625, 0.22882080078125, -0.01800537109375, -0.002288818359375, -0.00030517578125
0.075286865234375, -0.0137939453125, 0.2169189453125, -0.022979736328125, -0.00103759765625, -0.00262451171875
0.051422119140625, -0.0377197265625, 0.2498779296875, -0.000030517578125, -0.005462646484375, -0.011566162109375
0.052001953125, -0.05572509765625, 0.258514404296875, 0.000579833984375, -0.005645751953125, -0.01275634765625
0.050445556640625, -0.08123779296875, 0.281097412109375, 0.001129150390625, -0.0042724609375, -0.0118408203125
0.053497314453125, -0.080780029296875, 0.26470947265625, 0.0025634765625, 0.004241943359375, -0.003753662109375
0.056793212890625, -0.07501220703125, 0.253265380859375, 0.00225830078125, 0.005889892578125, -0.002044677734375

-0.622039794921875, -0.9998779296875, -0.9998779296875, 0.117401123046875, -0.213165283203125, 0.073699951171875
-0.9998779296875, -0.9998779296875, -0.99945068359375, 0.079864501953125, -0.358184814453125, 0.188201904296875
-0.9998779296875, -0.9998779296875, 0.9998779296875, -0.04150390625, -0.478546142578125, 0.430999755859375
-0.54998779296875, 0.9998779296875, 0.9998779296875, 0.040924072265625, 0.206024169921875, 0.31451416015625
-0.57952880859375, 0.9998779296875, 0.4638671875, 0.044586181640625, 0.307098388671875, 0.15020751953125
-0.500640869140625, -0.0645751953125, 0.016448974609375, -0.187530517578125, 0.28631591796875, -0.076446533203125
-0.052764892578125, 0.36016845703125, 0.031097412109375, 0.13140869140625, 0.09747314453125, 0.064788818359375
0.02294921875, 0.628448486328125, 0.352630615234375, 0.087890625, 0.09796142578125, 0.04296875
0.028656005859375, 0.43426513671875, 0.181915283203125, -0.001129150390625, 0.131134033203125, -0.01202392578125
0.0528564453125, 0.150848388671875, -0.218780517578125, -0.015167236328125, 0.119110107421875, -0.052825927734375
0.079833984375, 0.055419921875, -0.26629638671875, -0.00079345703125, 0.08331298828125, -0.052032470703125
0.08160400390625, -0.03594970703125, -0.1220703125, -0.04327392578125, 0.049896240234375, -0.05462646484375
0.11181640625, -0.082244873046875, 0.05419921875, -0.069366455078125, 0.035003662109375, -0.04254150390625
0.120391845703125, -0.07244873046875, 0.079559326171875, -0.072113037109375, 0.038055419921875, -0.035247802734375
0.143218994140625, -0.033172607421875, 0.059112548828125, -0.07586669921875, 0.0482177734375, -0.023590087890625
0.16644287109375, 0.0455322265625, -0.07330322265625, -0.0804443359375, 0.051513671875, -0.018310546875
0.173492431640625, 0.0640869140625, -0.091461181640625, -0.082366943359375, 0.04736328125, -0.02020263671875
0.174346923828125, 0.1153564453125, -0.09320068359375, -0.085968017578125, 0.036376953125, -0.0269775390625
0.14471435546875, 0.051422119140625, -0.072509765625, -0.06878662109375, 0.0164794921875, -0.062774658203125
0.138580322265625, 0.01983642578125, -0.064727783203125, -0.064300537109375, 0.013671875, -0.06634521484375
0.130340576171875, -0.0198974609375, -0.061798095703125, -0.06011962890625, 0.010223388671875, -0.068328857421875
0.11322021484375, -0.03790283203125, -0.177398681640625, -0.073089599609375, 0.002288818359375, -0.066253662109375
0.114959716796875, -0.082061767578125, -0.243499755859375, -0.0640869140625, -0.00396728515625, -0.06500244140625
0.098297119140625, -0.057464599609375, -0.34600830078125, -0.112030029296875, -0.0272216796875, -0.063262939453125
-0.246246337890625, -0.363189697265625, -0.9998779296875, 0.0263671875, -0.15960693359375, -0.054107666015625
-0.59698486328125, -0.71942138671875, -0.9998779296875, 0.059967041015625, -0.24664306640625, -0.0509033203125
-0.9998779296875, -0.9998779296875, -0.9998779296875, 0.117034912109375, -0.482330322265625, 0.003753662109375
-0.9998779296875, -0.9998779296875, 0.9998779296875, 0.22052001953125, -0.657257080078125, 0.301727294921875
-0.9998779296875, -0.9998779296875, 0.9998779296875, 0.29534912109375, -0.569366455078125, 0.37689208984375
-0.9998779296875, -0.1064453125, 0.9998779296875, 0.3271484375, -0.2022705078125, 0.475982666015625
-0.070068359375, 0.362762451171875, 0.07965087890625, -0.221038818359375, 0.116790771484375, -0.076568603515625
-0.064178466796875, -0.22784423828125, 0.25323486328125, -0.19805908203125, 0.08740234375, -0.117706298828125
-0.01861572265625, -0.592529296875, 0.43896484375, -0.112762451171875, 0.059356689453125, -0.081878662109375
0.074066162109375, -0.00103759765625, 0.1380615234375, 0.010101318359375, 0.065521240234375, 0.039337158203125
0.132537841796875, 0.158477783203125, 0.003631591796875, -0.03497314453125, 0.026702880859375, -0.0162353515625
0.116973876953125, 0.115447998046875, 0.02288818359375, -0.0396728515625, 0.01824951171875, -0.042144775390625
0.073883056640625, -0.066314697265625, 0.132080078125, -0.0496826171875, -0.00079345703125, -0.05560302734375
0.067779541015625, -0.179290771484375, 0.23944091796875, -0.07049560546875, 0.000396728515625, -0.04925537109375
0.069488525390625, -0.189605712890625, 0.251190185546875, -0.074249267578125, 0.009765625, -0.032745361328125
0.07403564453125, -0.1322021484375, 0.22161865234375, -0.0701904296875, 0.017364501953125, -0.01434326171875
0.06988525390625, -0.004547119140625, 0.1407470703125, -0.059234619140625, 0.014068603515625, -0.002471923828125
0.077117919921875, 0.01361083984375, 0.134674072265625, -0.0545654296875, 0.00897216796875, -0.004180908203125
0.07916259765625, 0.022003173828125, 0.163604736328125, -0.03857421875, -0.0025634765625, -0.01043701171875
0.0906982421875, -0.052947998046875, 0.240509033203125, -0.02813720703125, -0.009765625, -0.0172119140625
0.092132568359375, -0.056121826171875, 0.2479248046875, -0.030059814453125, -0.00799560546875, -0.015411376953125
0.09564208984375, -0.029510498046875, 0.244110107421875, -0.03668212890625, -0.003204345703125, -0.011260986328125
0.100982666015625, 0.01141357421875, 0.231231689453125, -0.03753662109375, 0.001068115234375, -0.0093994140625
0.10369873046875, 0.03271484375, 0.230194091796875, -0.034698486328125, 0.00152587890625, -0.009765625
0.097991943359375, 0.053009033203125, 0.22186279296875, -0.0211181640625, 0.001678466796875, -0.01287841796875
0.096160888671875, 0.0067138671875, 0.238525390625, -0.02545166015625, 0.000946044921875, -0.02374267578125

0.048736572265625, -0.73028564453125, -0.74395751953125, 0.133056640625, 0.046600341796875, 0.01214599609375
-0.192291259765625, -0.9998779296875, -0.9998779296875, 0.064788818359375, -0.08319091796875, 0.09210205078125
-0.871490478515625, 0.9998779296875, 0.9998779296875, 0.00750732421875, -0.233795166015625, 0.322357177734375
-0.443756103515625, 0.9998779296875, 0.9998779296875, 0.06475830078125, 0.01361083984375, 0.277099609375
-0.683746337890625, 0.9998779296875, 0.849884033203125, -0.019989013671875, 0.302978515625, 0.0526123046875
-0.066619873046875, -0.252166748046875, -0.78790283203125, 0.086822509765625, 0.188323974609375, 0.00531005859375
-0.001190185546875, 0.041168212890625, -0.4014892578125, 0.125640869140625, 0.108001708984375, 0.039215087890625
0.059661865234375, 0.17083740234375, 0.22509765625, 0.121063232421875, 0.040771484375, 0.047149658203125
0.053985595703125, 0.185394287109375, 0.225128173828125, -0.011749267578125, 0.093017578125, 0.032928466796875
0.060028076171875, 0.198944091796875, 0.130218505859375, -0.01507568359375, 0.101226806640625, 0.029449462890625
0.081451416015625, 0.241241455078125, 0.01678466796875, -0.006561279296875, 0.09967041015625, 0.0211181640625
0.112335205078125, 0.185699462890625, -0.057403564453125, 0.001007080078125, 0.072906494140625, -0.0064697265625
0.1163330078125, 0.14862060546875, -0.050994873046875, -0.005035400390625, 0.066436767578125, -0.01202392578125
0.12554931640625, 0.084716796875, -0.034271240234375, -0.02081298828125, 0.0567626953125, -0.0169677734375
0.151214599609375, 0.099212646484375, 0.028228759765625, -0.061676025390625, 0.04864501953125, -0.018951416015625
0.154266357421875, 0.106475830078125, 0.01556396484375, -0.059722900390625, 0.047943115234375, -0.020294189453125
0.155426025390625, 0.124359130859375, -0.008819580078125, -0.05340576171875, 0.04339599609375, -0.02459716796875
0.162261962890625, 0.128082275390625, -0.035369873046875, -0.041656494140625, 0.0299072265625, -0.041748046875
0.167572021484375, 0.102508544921875, -0.028076171875, -0.042755126953125, 0.026641845703125, -0.04693603515625
0.1650390625, 0.065185546875, -0.02740478515625, -0.04248046875, 0.022552490234375, -0.053192138671875
0.163238525390625, 0.030426025390625, -0.008544921875, -0.059234619140625, 0.02325439453125, -0.0599365234375
0.162261962890625, 0.02386474609375, -0.021759033203125, -0.0623779296875, 0.024810791015625, -0.060943603515625
0.15411376953125, 0.027862548828125, -0.04150390625, -0.063751220703125, 0.025787353515625, -0.0631103515625
0.11126708984375, 0.005767822265625, -0.084228515625, -0.062530517578125, 0.023681640625, -0.075164794921875
0.0986328125, -0.01312255859375, -0.103729248046875, -0.060791015625, 0.021270751953125, -0.082061767578125
0.110809326171875, -0.09307861328125, -0.246307373046875, -0.035247802734375, 0.0181884765625, -0.079193115234375
-0.148651123046875, -0.237396240234375, -0.9998779296875, 0.014373779296875, -0.08026123046875, -0.062286376953125
-0.492584228515625, -0.497344970703125, -0.9998779296875, 0.0841064453125, -0.185699462890625, -0.07086181640625
-0.9998779296875, -0.9998779296875, -0.9998779296875, 0.091827392578125, -0.492431640625, -0.05523681640625
-0.9998779296875, -0.9998779296875, 0.9998779296875, 0.075347900390625, -0.73516845703125, 0.30853271484375
-0.9998779296875, -0.9998779296875, 0.9998779296875, 0.1414794921875, -0.634033203125, 0.41253662109375
-0.9998779296875, 0.6103515625, 0.9998779296875, 0.262176513671875, -0.091064453125, 0.481231689453125
0.016845703125, 0.9998779296875, -0.33740234375, -0.1900634765625, 0.05908203125, -0.007598876953125
-0.05023193359375, 0.473541259765625, 0.33935546875, -0.217437744140625, -0.00335693359375, -0.1036376953125
-0.04852294921875, -0.36773681640625, 0.9998779296875, -0.15972900390625, -0.01300048828125, -0.1329345703125
0.00274658203125, -0.206939697265625, 0.30316162109375, 0.024688720703125, 0.09674072265625, 0.024810791015625
0.068206787109375, 0.06756591796875, 0.094146728515625, 0.042510986328125, 0.093414306640625, 0.033782958984375
0.117340087890625, 0.20794677734375, 0.0224609375, 0.0374755859375, 0.07574462890625, 0.02496337890625
0.124359130859375, 0.07440185546875, -0.016937255859375, 0.02276611328125, 0.034271240234375, -0.022735595703125
0.1138916015625, 0.028533935546875, 0.001983642578125, 0.014617919921875, 0.02398681640625, -0.029510498046875
0.09466552734375, -0.03924560546875, 0.082183837890625, -0.01226806640625, 0.006866455078125, -0.037506103515625
0.095184326171875, -0.15252685546875, 0.250457763671875, -0.053253173828125, 0.003265380859375, -0.03009033203125
0.09344482421875, -0.155242919921875, 0.252044677734375, -0.059906005859375, 0.0087890625, -0.02313232421875
0.097625732421875, -0.104644775390625, 0.20654296875, -0.072967529296875, 0.019287109375, -0.007568359375
0.095855712890625, 0.0421142578125, 0.138885498046875, -0.0615234375, 0.011627197265625, -0.00543212890625
0.0989990234375, 0.056671142578125, 0.143157958984375, -0.0537109375, 0.006500244140625, -0.010650634765625
0.101043701171875, 0.01751708984375, 0.15655517578125, -0.024688720703125, -0.002593994140625, -0.01983642578125
0.0977783203125, -0.078582763671875, 0.19097900390625, -0.009429931640625, -0.01226806640625, -0.02349853515625
0.104766845703125, -0.079681396484375, 0.199493408203125, -0.013641357421875, -0.012298583984375, -0.020782470703125
0.102691650390625, -0.05157470703125, 0.219879150390625, -0.016876220703125, -0.0107421875, -0.013702392578125

-0.403564453125, -0.9998779296875, 0.3602294921875, -0.096923828125, -0.09515380859375, 0.05908203125
-0.8135986328125, -0.330169677734375, 0.9998779296875, -0.104736328125, -0.084747314453125, 0.273406982421875
-0.760406494140625, 0.662811279296875, 0.9998779296875, -0.049530029296875, -0.033599853515625, 0.3118896484375
-0.5782470703125, 0.9998779296875, 0.9998779296875, 0.086578369140625, 0.225616455078125, 0.218841552734375
-0.998260498046875, -0.095977783203125, -0.9998779296875, -0.104217529296875, 0.500335693359375, -0.041748046875
-0.583099365234375, 0.0367431640625, -0.9998779296875, -0.04119873046875, 0.408660888671875, -0.027618408203125
0.0107421875, 0.226165771484375, -0.9998779296875, -0.068359375, 0.18560791015625, -0.028472900390625
0.041015625, 0.12060546875, 0.10845947265625, -0.087188720703125, 0.095062255859375, -0.07989501953125
0.02117919921875, -0.031585693359375, -0.209136962890625, -0.054107666015625, 0.09820556640625, -0.0804443359375
0.0509033203125, -0.1253662109375, -0.40704345703125, -0.016326904296875, 0.074432373046875, -0.072662353515625
0.10260009765625, -0.05029296875, -0.25933837890625, -0.04400634765625, -0.003387451171875, -0.045806884765625
0.1201171875, 0.014190673828125, -0.068359375, -0.061676025390625, -0.022003173828125, -0.04278564453125
0.137359619140625, 0.021881103515625, 0.0699462890625, -0.069732666015625, -0.016357421875, -0.0445556640625
0.147369384765625, 0.01800537109375, 0.076629638671875, -0.071746826171875, -0.01458740234375, -0.044830322265625
0.159515380859375, 0.020751953125, 0.07952880859375, -0.073150634765625, -0.01104736328125, -0.044830322265625
0.154327392578125, 0.09173583984375, 0.004486083984375, -0.086151123046875, -0.0076904296875, -0.054473876953125
0.15087890625, 0.0906982421875, -0.0020751953125, -0.09173583984375, -0.00921630859375, -0.060455322265625
0.134857177734375, 0.05712890625, -0.020416259765625, -0.097808837890625, -0.012908935546875, -0.071990966796875
0.097076416015625, -0.1751708984375, -0.443572998046875, -0.03961181640625, -0.040924072265625, -0.069183349609375
0.00518798828125, -0.3507080078125, -0.697357177734375, 0.085540771484375, -0.103271484375, -0.028533935546875
-0.71624755859375, -0.9998779296875, -0.9998779296875, 0.17822265625, -0.287139892578125, -0.0050048828125
-0.9998779296875, -0.9998779296875, 0.9998779296875, 0.184051513671875, -0.6370849609375, 0.21966552734375
-0.9998779296875, -0.9998779296875, 0.9998779296875, 0.2515869140625, -0.627685546875, 0.34747314453125
-0.776458740234375, 0.28631591796875, 0.9998779296875, 0.38372802734375, -0.173583984375, 0.387603759765625
-0.043182373046875, 0.9998779296875, 0.138824462890625, -0.165008544921875, 0.16485595703125, 0.09454345703125
-0.0894775390625, 0.69256591796875, 0.064056396484375, -0.2777099609375, 0.159820556640625, -0.03875732421875
-0.048828125, -0.498046875, 0.399688720703125, -0.2659912109375, 0.10235595703125, -0.12713623046875
0.029632568359375, -0.284637451171875, 0.1527099609375, 0.00634765625, 0.068389892578125, 0.00909423828125
0.056610107421875, -0.155853271484375, 0.10919189453125, 0.01812744140625, 0.055206298828125, 0.03338623046875
0.153900146484375, 0.073516845703125, -0.00762939453125, 0.001495361328125, 0.04132080078125, 0.033203125
0.13006591796875, 0.107635498046875, -0.007232666015625, -0.026336669921875, 0.0086669921875, -0.010406494140625
0.096832275390625, 0.011260986328125, 0.0567626953125, -0.034088134765625, -0.008087158203125, -0.030914306640625
0.077850341796875, -0.17047119140625, 0.262176513671875, -0.030670166015625, -0.020843505859375, -0.02685546875
0.07904052734375, -0.161956787109375, 0.296539306640625, -0.03497314453125, -0.017059326171875, -0.0201416015625
0.06915283203125, -0.12518310546875, 0.307342529296875, -0.034088134765625, -0.004730224609375, -0.0069580078125
0.07379150390625, -0.0377197265625, 0.201904296875, -0.022186279296875, 0.00689697265625, 0.0035400390625
0.07305908203125, -0.03277587890625, 0.172515869140625, -0.006011962890625, 0.0048828125, 0.003509521484375
0.076812744140625, -0.000579833984375, 0.156005859375, -0.0115966796875, -0.003143310546875, -0.00164794921875
0.070770263671875, -0.083160400390625, 0.233551025390625, -0.00592041015625, -0.017913818359375, -0.01861572265625
0.068756103515625, -0.10296630859375, 0.24920654296875, -0.0078125, -0.01690673828125, -0.01824951171875
0.06817626953125, -0.122344970703125, 0.281951904296875, -0.012054443359375, -0.011962890625, -0.0140380859375
0.0667724609375, -0.10205078125, 0.285186767578125, -0.021514892578125, 0.005462646484375, -0.000030517578125
0.0745849609375, -0.07086181640625, 0.24639892578125, -0.019805908203125, 0.0081787109375, 0.00360107421875
0.07574462890625, -0.03155517578125, 0.21923828125, -0.012725830078125, 0.006378173828125, 0.003509521484375
0.077301025390625, -0.02301025390625, 0.22607421875, -0.00762939453125, 0.002288818359375, -0.000030517578125
0.080230712890625, -0.018768310546875, 0.2342529296875, -0.0062255859375, 0.001312255859375, -0.001129150390625
0.08148193359375, -0.0142822265625, 0.24029541015625, -0.007598876953125, 0.000946044921875, -0.004302978515625
0.07855224609375, -0.0352783203125, 0.262420654296875, -0.017333984375, 0.00152587890625, -0.01116943359375
0.074951171875, -0.035980224609375, 0.266876220703125, -0.019989013671875, 0.003173828125, -0.011810302734375
0.072265625, -0.042205810546875, 0.2579345703125, -0.021759033203125, 0.00799560546875, -0.012237548828125

-0.807281494140625, -0.9998779296875, -0.9998779296875, 0.07855224609375, -0.245880126953125, 0.1259765625
-0.9998779296875, -0.622039794921875, 0.9998779296875, 0.02935791015625, -0.4337158203125, 0.430206298828125
-0.9998779296875, 0.531982421875, 0.9998779296875, 0.057525634765625, -0.361785888671875, 0.465728759765625
-0.564605712890625, 0.9998779296875, 0.9998779296875, 0.0421142578125, 0.08953857421875, 0.3629150390625
-0.306793212890625, -0.137237548828125, -0.060272216796875, -0.234527587890625, 0.206329345703125, -0.1470947265625
-0.17694091796875, -0.539581298828125, 0.179962158203125, -0.22119140625, 0.16680908203125, -0.14501953125
-0.11163330078125, -0.33465576171875, 0.3406982421875, -0.103912353515625, 0.146453857421875, -0.0582275390625
0.01336669921875, 0.377532958984375, 0.0670166015625, 0.046722412109375, 0.12322998046875, -0.03118896484375
0.071563720703125, 0.26934814453125, -0.064727783203125, 0.057464599609375, 0.119171142578125, -0.04364013671875
0.093170166015625, 0.143463134765625, -0.175079345703125, 0.0565185546875, 0.10479736328125, -0.058135986328125
0.08746337890625, -0.03802490234375, -0.0950927734375, -0.01220703125, 0.064910888671875, -0.0650634765625
0.088287353515625, -0.084228515625, -0.068572998046875, -0.023223876953125, 0.057403564453125, -0.061676025390625
0.111114501953125, -0.13690185546875, -0.029266357421875, -0.023284912109375, 0.044189453125, -0.04583740234375
0.158172607421875, 0.009765625, 0.0491943359375, -0.020538330078125, 0.0318603515625, -0.00555419921875
0.16497802734375, 0.060150146484375, 0.0460205078125, -0.02239990234375, 0.033447265625, -0.002471923828125
0.17864990234375, 0.1259765625, 0.0191650390625, -0.03668212890625, 0.037872314453125, -0.006195068359375
0.18121337890625, 0.15960693359375, -0.077880859375, -0.072479248046875, 0.037078857421875, -0.031463623046875
0.1768798828125, 0.147857666015625, -0.10076904296875, -0.075408935546875, 0.03326416015625, -0.039154052734375
0.162811279296875, 0.109527587890625, -0.119842529296875, -0.077178955078125, 0.0218505859375, -0.0533447265625
0.146392822265625, 0.0623779296875, -0.04974365234375, -0.0802001953125, -0.000762939453125, -0.076263427734375
0.137481689453125, 0.02459716796875, -0.025726318359375, -0.07049560546875, -0.004180908203125, -0.074859619140625
0.1376953125, -0.023529052734375, -0.1180419921875, -0.064208984375, -0.00579833984375, -0.07415771484375
0.110076904296875, -0.03619384765625, -0.276580810546875, -0.06219482421875, -0.02630615234375, -0.07110595703125
0.10943603515625, -0.05902099609375, -0.369171142578125, -0.0496826171875, -0.03961181640625, -0.06884765625
0.023712158203125, -0.13641357421875, -0.705596923828125, -0.016265869140625, -0.088104248046875, -0.061676025390625
-0.9998779296875, -0.9998779296875, -0.9998779296875, 0.15283203125, -0.402008056640625, -0.0224609375
-0.9998779296875, -0.9998779296875, -0.9998779296875, 0.17657470703125, -0.521331787109375, 0.007415771484375
-0.9998779296875, -0.9998779296875, 0.436767578125, 0.224853515625, -0.672698974609375, 0.111480712890625
-0.9998779296875, -0.765380859375, 0.9998779296875, 0.320892333984375, -0.288604736328125, 0.506561279296875
-0.9998779296875, 0.807891845703125, 0.9998779296875, 0.259307861328125, 0.08526611328125, 0.445587158203125
-0.030029296875, 0.9998779296875, -0.249359130859375, -0.109527587890625, 0.16033935546875, 0.12322998046875
-0.0238037109375, -0.479583740234375, 0.505126953125, -0.217071533203125, 0.03387451171875, -0.115814208984375
0.0115966796875, -0.466705322265625, 0.63629150390625, -0.1959228515625, 0.034149169921875, -0.057220458984375
0.040008544921875, -0.23046875, 0.399627685546875, -0.044891357421875, 0.081817626953125, -0.006011962890625
0.08282470703125, -0.003753662109375, 0.03839111328125, 0.020355224609375, 0.096343994140625, 0.025177001953125
0.107177734375, 0.051666259765625, -0.042694091796875, 0.02105712890625, 0.09033203125, 0.025604248046875
0.134796142578125, 0.1005859375, -0.155059814453125, 0.025390625, 0.067230224609375, 0.016143798828125
0.1243896484375, 0.028778076171875, -0.059051513671875, -0.01220703125, 0.00439453125, -0.0194091796875
0.115386962890625, -0.0137939453125, 0.003082275390625, -0.01910400390625, -0.006134033203125, -0.026153564453125
0.09857177734375, -0.094024658203125, 0.108795166015625, -0.030181884765625, -0.016571044921875, -0.031829833984375
0.09014892578125, -0.15142822265625, 0.230316162109375, -0.040679931640625, -0.001678466796875, -0.011810302734375
0.093536376953125, -0.12005615234375, 0.21514892578125, -0.0419921875, 0.00360107421875, -0.006500244140625
0.093353271484375, -0.0648193359375, 0.161651611328125, -0.0340576171875, 0.008331298828125, 0.000335693359375
0.101837158203125, -0.02740478515625, 0.141693115234375, -0.0126953125, -0.005218505859375, -0.0068359375
0.102691650390625, -0.0433349609375, 0.15673828125, -0.00341796875, -0.009918212890625, -0.009521484375
0.10577392578125, -0.07452392578125, 0.192047119140625, 0.005340576171875, -0.0150146484375, -0.0128173828125
0.1087646484375, -0.11126708984375, 0.22369384765625, -0.001861572265625, -0.0106201171875, -0.008575439453125
0.1075439453125, -0.112213134765625, 0.2269287109375, -0.004364013671875, -0.008819580078125, -0.007232666015625
0.10284423828125, -0.102020263671875, 0.22296142578125, -0.010040283203125, -0.00567626953125, -0.00408935546875
0.11175537109375, -0.053924560546875, 0.241668701171875, -0.016845703125, -0.002471923828125, -0.001922607421875

-0.657012939453125, -0.9998779296875, -0.9998779296875, 0.139129638671875, -0.258514404296875, 0.036285400390625
-0.9998779296875, -0.9998779296875, -0.351318359375, 0.127593994140625, -0.364898681640625, 0.120697021484375
-0.9998779296875, -0.953887939453125, 0.9998779296875, 0.0264892578125, -0.4036865234375, 0.347808837890625
-0.410186767578125, 0.9998779296875, 0.9998779296875, 0.05072021484375, 0.2049560546875, 0.21533203125
-0.464080810546875, 0.9998779296875, 0.608734130859375, -0.039764404296875, 0.273193359375, 0.09161376953125
-0.387176513671875, -0.282684326171875, 0.1893310546875, -0.203765869140625, 0.26953125, -0.060882568359375
-0.13507080078125, 0.177001953125, 0.0906982421875, 0.115509033203125, 0.15570068359375, 0.093170166015625
-0.07794189453125, 0.44549560546875, 0.27642822265625, 0.134857177734375, 0.132781982421875, 0.0948486328125
0.034210205078125, 0.731903076171875, 0.142486572265625, 0.0284423828125, 0.16864013671875, 0.037628173828125
0.07879638671875, 0.2490234375, -0.39593505859375, -0.027923583984375, 0.12469482421875, -0.059844970703125
0.08843994140625, 0.143646240234375, -0.32421875, -0.038482666015625, 0.095703125, -0.071319580078125
0.08660888671875, -0.00616455078125, -0.09771728515625, -0.0533447265625, 0.05255126953125, -0.076690673828125
0.099273681640625, -0.01373291015625, 0.093353271484375, -0.065673828125, 0.057281494140625, -0.06109619140625
0.104095458984375, -0.015289306640625, 0.022735595703125, -0.056976318359375, 0.06524658203125, -0.0577392578125
0.112152099609375, -0.01776123046875, -0.118743896484375, -0.052001953125, 0.0687255859375, -0.05401611328125
0.1246337890625, -0.020538330078125, -0.1546630859375, -0.099945068359375, 0.04248046875, -0.0528564453125
0.12603759765625, -0.013275146484375, -0.136322021484375, -0.108673095703125, 0.035980224609375, -0.05316162109375
0.120025634765625, -0.010772705078125, -0.09759521484375, -0.119415283203125, 0.02581787109375, -0.055816650390625
0.115936279296875, -0.0743408203125, -0.064544677734375, -0.0919189453125, 0.01177978515625, -0.057525634765625
0.111541748046875, -0.080169677734375, -0.06744384765625, -0.083892822265625, 0.0103759765625, -0.056671142578125
0.10382080078125, -0.1239013671875, -0.084930419921875, -0.083282470703125, 0.007904052734375, -0.055450439453125
0.126373291015625, -0.176513671875, -0.310211181640625, -0.098968505859375, -0.002899169921875, -0.04156494140625
0.1102294921875, -0.17474365234375, -0.42156982421875, -0.110137939453125, -0.013031005859375, -0.0362548828125
-0.00848388671875, -0.41131591796875, -0.97998046875, -0.026885986328125, -0.0654296875, -0.00933837890625
-0.9998779296875, -0.9998779296875, -0.973388671875, 0.115264892578125, -0.519744873046875, 0.071685791015625
-0.9998779296875, -0.9998779296875, -0.31927490234375, 0.170806884765625, -0.60711669921875, 0.098663330078125
-0.9998779296875, -0.9998779296875, 0.9998779296875, 0.343414306640625, -0.703155517578125, 0.16650390625
-0.81549072265625, 0.03253173828125, 0.9998779296875, 0.3267822265625, -0.19818115234375, 0.37091064453125
-0.325958251953125, 0.9998779296875, 0.9998779296875, 0.12579345703125, -0.051116943359375, 0.33367919921875
0.038848876953125, 0.9998779296875, 0.2755126953125, -0.16607666015625, 0.113006591796875, 0.091033935546875
-0.00933837890625, -0.612701416015625, 0.27557373046875, -0.057342529296875, 0.050079345703125, -0.06024169921875
0.03363037109375, -0.42724609375, 0.189727783203125, 0.023468017578125, 0.033172607421875, -0.000030517578125
0.10577392578125, -0.11224365234375, 0.161590576171875, 0.031951904296875, 0.022857666015625, 0.02655029296875
0.132568359375, 0.084442138671875, 0.16278076171875, -0.00152587890625, 0.02178955078125, 0.022552490234375
0.1309814453125, 0.1082763671875, 0.14239501953125, -0.005523681640625, 0.02325439453125, 0.012725830078125
0.115264892578125, 0.082427978515625, 0.097381591796875, -0.004974365234375, 0.021820068359375, -0.011016845703125
0.065704345703125, -0.125244140625, 0.094482421875, -0.012908935546875, 0.00469970703125, -0.041839599609375
0.060211181640625, -0.17083740234375, 0.124481201171875, -0.019134521484375, -0.001739501953125, -0.039520263671875
0.057861328125, -0.2208251953125, 0.197998046875, -0.03900146484375, -0.000244140625, -0.0272216796875
0.062591552734375, -0.144134521484375, 0.19561767578125, -0.051788330078125, 0.0048828125, -0.00933837890625
0.06060791015625, -0.115478515625, 0.196441650390625, -0.04656982421875, 0.004058837890625, -0.00628662109375
0.0570068359375, -0.04608154296875, 0.2012939453125, -0.03668212890625, 0.001800537109375, -0.0106201171875
0.05517578125, -0.13836669921875, 0.23980712890625, -0.013153076171875, -0.002349853515625, -0.0224609375
0.0552978515625, -0.16259765625, 0.25079345703125, -0.015960693359375, -0.0010986328125, -0.0223388671875
0.052978515625, -0.184478759765625, 0.2364501953125, -0.02142333984375, 0.00347900390625, -0.016845703125
0.07122802734375, -0.122711181640625, 0.2235107421875, -0.04083251953125, 0.012786865234375, -0.003173828125
0.068939208984375, -0.104705810546875, 0.2176513671875, -0.039947509765625, 0.01385498046875, -0.001373291015625
0.068206787109375, -0.08404541015625, 0.193145751953125, -0.036468505859375, 0.01361083984375, -0.0010986328125
0.069061279296875, -0.119415283203125, 0.22760009765625, -0.0250244140625, 0.006011962890625, -0.00006103515625
0.071075439453125, -0.12066650390625, 0.2398681640625, -0.02117919921875, 0.006134033203125, 0.002227783203125

0.003021240234375, -0.682464599609375, -0.97857666015625, 0.053253173828125, 0.014190673828125, -0.038330078125
-0.9998779296875, -0.9998779296875, -0.39117431640625, 0.0924072265625, -0.436492919921875, 0.20391845703125
-0.9998779296875, -0.9998779296875, 0.92010498046875, 0.07476806640625, -0.499755859375, 0.300018310546875
-0.9998779296875, -0.082611083984375, 0.9998779296875, 0.162811279296875, -0.41217041015625, 0.4326171875
-0.392578125, 0.9998779296875, 0.443084716796875, -0.047943115234375, 0.263580322265625, 0.008514404296875
-0.2493896484375, -0.139434814453125, -0.2291259765625, -0.17303466796875, 0.216705322265625, -0.060272216796875
0.00006103515625, -0.167022705078125, -0.16644287109375, 0.015838623046875, 0.10833740234375, 0.016143798828125
0.027984619140625, 0.076385498046875, 0.3154296875, 0.08160400390625, 0.05023193359375, 0.051544189453125
0.033050537109375, 0.116119384765625, 0.337158203125, 0.0543212890625, 0.059112548828125, 0.053253173828125
0.08880615234375, 0.274627685546875, 0.166015625, -0.005828857421875, 0.099334716796875, 0.043670654296875
0.1358642578125, 0.310638427734375, -0.054443359375, -0.040374755859375, 0.10223388671875, 0.00567626953125
0.1292724609375, 0.28704833984375, -0.089599609375, -0.0386962890625, 0.094268798828125, -0.008544921875
0.13006591796875, 0.17919921875, -0.1082763671875, -0.03607177734375, 0.072113037109375, -0.033233642578125
0.13787841796875, 0.06768798828125, 0.03912353515625, -0.064483642578125, 0.03839111328125, -0.04876708984375
0.136474609375, 0.067169189453125, 0.070068359375, -0.06658935546875, 0.037139892578125, -0.04876708984375
0.150848388671875, 0.08416748046875, 0.094390869140625, -0.073638916015625, 0.040802001953125, -0.049102783203125
0.144927978515625, 0.068145751953125, -0.039215087890625, -0.082794189453125, 0.051788330078125, -0.06878662109375
0.146209716796875, 0.04022216796875, -0.06439208984375, -0.0843505859375, 0.04901123046875, -0.072723388671875
0.134063720703125, -0.012481689453125, -0.07586669921875, -0.09515380859375, 0.039337158203125, -0.077178955078125
0.137481689453125, -0.056610107421875, -0.04449462890625, -0.097564697265625, 0.015899658203125, -0.07012939453125
0.140777587890625, -0.046875, -0.03668212890625, -0.0933837890625, 0.010498046875, -0.067230224609375
0.147216796875, -0.0255126953125, -0.0137939453125, -0.086456298828125, 0.00054931640625, -0.065093994140625
0.13397216796875, -0.073028564453125, 0.00830078125, -0.083984375, -0.005218505859375, -0.073486328125
0.117889404296875, -0.11773681640625, -0.018829345703125, -0.08770751953125, -0.00421142578125, -0.074066162109375
0.13153076171875, -0.184661865234375, -0.1458740234375, -0.074310302734375, -0.005157470703125, -0.0654296875
0.0185546875, -0.402984619140625, -0.99810791015625, 0.047821044921875, -0.068603515625, -0.017242431640625
-0.146148681640625, -0.488861083984375, -0.9998779296875, 0.216339111328125, -0.245819091796875, 0.0091552734375
-0.9998779296875, -0.991943359375, -0.9998779296875, 0.2984619140625, -0.52020263671875, -0.0396728515625
-0.9998779296875, -0.9998779296875, 0.9998779296875, 0.310455322265625, -0.780517578125, 0.063629150390625
-0.9998779296875, -0.9998779296875, 0.9998779296875, 0.21429443359375, -0.70037841796875, 0.171905517578125
-0.9998779296875, -0.434295654296875, 0.9998779296875, -0.05810546875, -0.229156494140625, 0.439727783203125
-0.10186767578125, 0.9998779296875, -0.990509033203125, -0.193572998046875, 0.118438720703125, 0.1119384765625
-0.022125244140625, 0.9998779296875, -0.54473876953125, -0.203277587890625, 0.0230712890625, -0.01025390625
-0.1226806640625, 0.15997314453125, 0.36572265625, -0.077362060546875, -0.091949462890625, -0.124267578125
-0.00531005859375, -0.3292236328125, 0.884918212890625, -0.09527587890625, -0.003936767578125, -0.097259521484375
0.013946533203125, -0.2945556640625, 0.73980712890625, -0.089508056640625, 0.0347900390625, -0.04620361328125
0.016387939453125, -0.17901611328125, 0.400787353515625, -0.049285888671875, 0.082366943359375, -0.026153564453125
0.05230712890625, -0.011932373046875, 0.027557373046875, 0.00701904296875, 0.0709228515625, 0.005279541015625
0.05523681640625, 0.0208740234375, 0.0352783203125, 0.008209228515625, 0.05902099609375, 0.004608154296875
0.05364990234375, 0.062713623046875, 0.076385498046875, 0.00189208984375, 0.039337158203125, -0.0030517578125
0.06768798828125, -0.04327392578125, 0.15771484375, -0.019866943359375, 0.020477294921875, -0.023895263671875
0.069427490234375, -0.070465087890625, 0.17889404296875, -0.0291748046875, 0.0196533203125, -0.0245361328125
0.075592041015625, -0.0780029296875, 0.190887451171875, -0.045623779296875, 0.021087646484375, -0.021240234375
0.052490234375, -0.0216064453125, 0.1607666015625, -0.039215087890625, 0.01971435546875, -0.014434814453125
0.071044921875, -0.024078369140625, 0.141082763671875, -0.028350830078125, 0.016204833984375, -0.01483154296875
0.008270263671875, -0.031768798828125, 0.1365966796875, -0.0128173828125, 0.00579833984375, -0.015838623046875
0.085968017578125, -0.091644287109375, 0.237640380859375, -0.01068115234375, -0.008544921875, -0.012939453125
0.08331298828125, -0.095428466796875, 0.25799560546875, -0.0113525390625, -0.0067138671875, -0.00921630859375
0.12042236328125, -0.043121337890625, 0.232269287109375, -0.011962890625, 0.001617431640625, 0.0028076171875
0.06982421875, 0.0477294921875, 0.24981689453125, -0.00030517578125, 0.000518798828125, 0.000640869140625

-0.1220703125, 0.38385009765625, 0.68023681640625, -0.07830810546875, 0.0909423828125, -0.14788818359375
-0.20819091796875, 0.096160888671875, 0.54180908203125, -0.084716796875, 0.1290283203125, -0.185028076171875
-0.118408203125, -0.420989990234375, 0.26226806640625, -0.095123291015625, 0.160919189453125, -0.158721923828125
-0.097503662109375, -0.45941162109375, 0.166900634765625, -0.085113525390625, 0.164825439453125, -0.135040283203125
-0.04962158203125, -0.5443115234375, -0.17706298828125, -0.07391357421875, 0.1640625, -0.086395263671875
-0.15521240234375, -0.9998779296875, -0.9998779296875, 0.098724365234375, -0.0360107421875, 0.09539794921875
-0.57684326171875, -0.9998779296875, -0.9998779296875, 0.15496826171875, -0.31915283203125, 0.220733642578125
-0.9998779296875, -0.9998779296875, 0.79522705078125, 0.183349609375, -0.465423583984375, 0.384674072265625
-0.8515625, 0.9998779296875, 0.9998779296875, 0.169708251953125, -0.03961181640625, 0.455230712890625
-0.436279296875, 0.9998779296875, 0.9998779296875, 0.177581787109375, 0.14935302734375, 0.33685302734375
-0.25042724609375, 0.9998779296875, -0.3486328125, -0.027099609375, 0.25091552734375, 0.052520751953125
0.00250244140625, -0.306854248046875, 0.2337646484375, -0.056671142578125, 0.07891845703125, -0.03057861328125
-0.00518798828125, -0.08905029296875, 0.373291015625, 0.033477783203125, 0.058868408203125, 0.0074462890625
-0.001678466796875, 0.117034912109375, 0.5013427734375, 0.108673095703125, 0.05438232421875, 0.03533935546875
0.075347900390625, 0.1875, 0.261383056640625, 0.06024169921875, 0.10443115234375, 0.02716064453125
0.108306884765625, 0.220794677734375, 0.05474853515625, 0.024017333984375, 0.11474609375, 0.02081298828125
0.116851806640625, 0.17364501953125, -0.029571533203125, -0.01123046875, 0.101959228515625, -0.003021240234375
0.11114501953125, 0.0599365234375, 0.025634765625, -0.044464111328125, 0.065826416015625, -0.03271484375
0.11065673828125, -0.001861572265625, 0.083404541015625, -0.07293701171875, 0.060638427734375, -0.035552978515625
0.13580322265625, 0.04620361328125, 0.175811767578125, -0.099822998046875, 0.06781005859375, -0.036102294921875
0.13934326171875, 0.019287109375, 0.016387939453125, -0.123687744140625, 0.082366943359375, -0.043914794921875
0.138458251953125, 0.007720947265625, -0.007598876953125, -0.131072998046875, 0.0789794921875, -0.045928955078125
0.14666748046875, 0.0233154296875, 0.010650634765625, -0.1495361328125, 0.065185546875, -0.050079345703125
0.136322021484375, 0.06597900390625, 0.026153564453125, -0.1400146484375, 0.05938720703125, -0.071807861328125
0.126190185546875, -0.007781982421875, -0.0235595703125, -0.1326904296875, 0.05426025390625, -0.0775146484375
0.119659423828125, -0.06451416015625, -0.09820556640625, -0.113250732421875, 0.04534912109375, -0.076873779296875
0.11676025390625, -0.053314208984375, -0.147979736328125, -0.114013671875, 0.034271240234375, -0.07421875
0.108856201171875, -0.05902099609375, -0.18414306640625, -0.120849609375, 0.021026611328125, -0.074249267578125
0.104644775390625, -0.148223876953125, -0.284271240234375, -0.127197265625, 0.001312255859375, -0.069183349609375
-0.078094482421875, -0.59222412109375, -0.847808837890625, -0.061431884765625, -0.076873779296875, -0.02978515625
-0.20147705078125, -0.95086669921875, -0.9998779296875, 0.022430419921875, -0.133453369140625, 0.001495361328125
-0.99810791015625, -0.9998779296875, -0.9998779296875, 0.1295166015625, -0.339508056640625, 0.097900390625
-0.9998779296875, -0.9998779296875, 0.9998779296875, 0.289520263671875, -0.612640380859375, 0.319122314453125
-0.9998779296875, -0.9998779296875, 0.9998779296875, 0.339263916015625, -0.5672607421875, 0.336151123046875
-0.9998779296875, -0.539276123046875, 0.9998779296875, 0.396636962890625, -0.301483154296875, 0.369873046875
0.099639892578125, 0.9998779296875, 0.207244873046875, -0.056610107421875, 0.04742431640625, 0.10968017578125
0.08294677734375, 0.936370849609375, 0.373291015625, -0.1484375, 0.0418701171875, -0.00543212890625
-0.052947998046875, -0.088348388671875, 0.696563720703125, -0.1807861328125, 0.043060302734375, -0.1181640625
0.005401611328125, -0.2957763671875, 0.179595947265625, -0.037353515625, 0.086090087890625, -0.01568603515625
0.02203369140625, -0.213592529296875, 0.125732421875, -0.024688720703125, 0.078338623046875, 0.0040283203125
0.065765380859375, -0.052703857421875, 0.09405517578125, -0.013580322265625, 0.059478759765625, 0.026275634765625
0.1038818359375, 0.154388427734375, 0.03607177734375, 0.0145263671875, 0.022979736328125, 0.01336669921875
0.101593017578125, 0.14056396484375, 0.043243408203125, 0.0140380859375, 0.01226806640625, 0.00250244140625
0.0885009765625, 0.0572509765625, 0.125762939453125, 0.006561279296875, -0.005859375, -0.01678466796875
0.067047119140625, -0.0408935546875, 0.174041748046875, -0.02923583984375, 0.01513671875, -0.015228271484375
0.069915771484375, -0.031646728515625, 0.17779541015625, -0.02496337890625, 0.0118408203125, -0.014923095703125
0.057769775390625, -0.013397216796875, 0.168792724609375, -0.0057373046875, 0.004180908203125, -0.0137939453125
0.069427490234375, -0.07147216796875, 0.2142333984375, 0.013427734375, -0.01116943359375, -0.01727294921875
0.081939697265625, -0.091827392578125, 0.22918701171875, 0.01409912109375, -0.0120849609375, -0.01617431640625
0.06988525390625, -0.102569580078125, 0.24169921875, 0.008270263671875, -0.010284423828125, -0.011322021484375

-0.083831787109375, -0.861724853515625, -0.9998779296875, 0.135650634765625, -0.05279541015625, -0.057373046875
-0.657684326171875, -0.9998779296875, -0.9998779296875, 0.22186279296875, -0.249481201171875, 0.030914306640625
-0.9998779296875, 0.117279052734375, 0.9998779296875, 0.049468994140625, -0.304290771484375, 0.552398681640625
-0.9998779296875, 0.9998779296875, 0.9998779296875, 0.053619384765625, -0.1451416015625, 0.540679931640625
-0.438690185546875, 0.9998779296875, 0.960845947265625, 0.03466796875, 0.210784912109375, 0.31451416015625
-0.13470458984375, 0.255157470703125, -0.099151611328125, -0.049774169921875, 0.171173095703125, -0.042266845703125
-0.112579345703125, 0.072784423828125, 0.1534423828125, -0.021148681640625, 0.1348876953125, -0.04718017578125
-0.071441650390625, 0.112396240234375, 0.438568115234375, 0.0120849609375, 0.115142822265625, -0.02734375
-0.030181884765625, 0.105621337890625, 0.040191650390625, 0.042510986328125, 0.1396484375, -0.019195556640625
0.004547119140625, 0.08819580078125, -0.043243408203125, 0.0296630859375, 0.1346435546875, -0.018951416015625
0.06494140625, 0.07879638671875, -0.10479736328125, -0.013885498046875, 0.117218017578125, -0.02294921875
0.14642333984375, -0.03692626953125, 0.053558349609375, -0.1160888671875, 0.0614013671875, -0.0213623046875
0.157928466796875, -0.01708984375, 0.023651123046875, -0.11199951171875, 0.061248779296875, -0.01873779296875
0.1734619140625, 0.0198974609375, -0.005523681640625, -0.1112060546875, 0.057037353515625, -0.01788330078125
0.180572509765625, 0.071990966796875, -0.07122802734375, -0.12969970703125, 0.043487548828125, -0.029541015625
0.176055908203125, 0.073516845703125, -0.072906494140625, -0.136627197265625, 0.0384521484375, -0.03485107421875
0.172393798828125, 0.06927490234375, -0.0791015625, -0.137054443359375, 0.027984619140625, -0.04473876953125
0.145965576171875, 0.078948974609375, -0.14208984375, -0.12957763671875, 0.003875732421875, -0.063873291015625
0.14764404296875, 0.064300537109375, -0.152130126953125, -0.131011962890625, -0.0045166015625, -0.070098876953125
0.128173828125, 0.0106201171875, -0.181884765625, -0.12518310546875, -0.024200439453125, -0.07806396484375
0.079071044921875, -0.129241943359375, -0.469207763671875, 0.005828857421875, -0.111358642578125, -0.063507080078125
-0.082763671875, -0.272857666015625, -0.740631103515625, 0.046905517578125, -0.1416015625, -0.0545654296875
-0.4979248046875, -0.552703857421875, -0.9998779296875, 0.122161865234375, -0.244964599609375, -0.026641845703125
-0.9998779296875, -0.9998779296875, -0.20281982421875, 0.26861572265625, -0.556884765625, 0.0802001953125
-0.9998779296875, -0.9998779296875, 0.544097900390625, 0.2908935546875, -0.6080322265625, 0.1427001953125
-0.9998779296875, -0.9998779296875, 0.9998779296875, 0.271240234375, -0.587432861328125, 0.268310546875
-0.46331787109375, 0.9998779296875, 0.999542236328125, 0.055084228515625, -0.002532958984375, 0.345458984375
-0.1490478515625, 0.9998779296875, 0.302886962890625, -0.05096435546875, 0.067230224609375, 0.240234375
0.001861572265625, 0.784698486328125, 0.063446044921875, -0.153778076171875, 0.054656982421875, -0.00335693359375
-0.003265380859375, -0.49786376953125, 0.57501220703125, -0.017242431640625, 0.01861572265625, -0.048004150390625
0.01116943359375, -0.431304931640625, 0.50750732421875, 0.009124755859375, 0.03131103515625, 0.01513671875
0.04376220703125, -0.191650390625, 0.352203369140625, 0.012908935546875, 0.0535888671875, 0.0308837890625
0.1134033203125, 0.12939453125, 0.04644775390625, -0.017822265625, 0.068511962890625, 0.01898193359375
0.1134033203125, 0.11376953125, 0.00286865234375, -0.01690673828125, 0.062713623046875, 0.0062255859375
0.101837158203125, 0.05230712890625, -0.050750732421875, -0.017333984375, 0.0430908203125, -0.01678466796875
0.059844970703125, -0.1107177734375, 0.0888671875, -0.032257080078125, -0.001251220703125, -0.039581298828125
0.048583984375, -0.16705322265625, 0.22259521484375, -0.045684814453125, -0.00762939453125, -0.034637451171875
0.0303955078125, -0.128753662109375, 0.232940673828125, -0.046173095703125, 0.003173828125, -0.018585205078125
0.031890869140625, -0.112091064453125, 0.22412109375, -0.04107666015625, 0.004150390625, -0.016448974609375
0.0301513671875, -0.09429931640625, 0.225921630859375, -0.028472900390625, 0.003326416015625, -0.01611328125
0.04217529296875, -0.120849609375, 0.238861083984375, -0.012359619140625, 0.004669189453125, -0.01959228515625
0.048614501953125, -0.133087158203125, 0.236846923828125, -0.0162353515625, 0.008575439453125, -0.019195556640625
0.0589599609375, -0.132568359375, 0.20947265625, -0.021697998046875, 0.01153564453125, -0.016448974609375
0.0550537109375, -0.1015625, 0.214630126953125, -0.034881591796875, 0.0091552734375, -0.013031005859375
0.0650634765625, -0.093536376953125, 0.222869873046875, -0.035125732421875, 0.008819580078125, -0.0125732421875
0.05596923828125, -0.081146240234375, 0.219268798828125, -0.030426025390625, 0.00958251953125, -0.012054443359375
0.064849853515625, -0.08868408203125, 0.210113525390625, -0.02606201171875, 0.00634765625, -0.0118408203125
0.065093994140625, -0.085235595703125, 0.2127685546875, -0.023529052734375, 0.00482177734375, -0.01104736328125
0.072174072265625, -0.075469970703125, 0.2120361328125, -0.014892578125, 0.00189208984375, -0.00958251953125
0.06634521484375, -0.028564453125, 0.21807861328125, -0.00909423828125, -0.00152587890625, -0.013427734375

0.053985595703125, -0.610137939453125, -0.74981689453125, 0.011383056640625, 0.051361083984375, -0.03564453125
-0.070220947265625, -0.9998779296875, -0.9998779296875, 0.21319580078125, -0.107666015625, 0.0640869140625
-0.9998779296875, -0.9998779296875, 0.9998779296875, 0.137451171875, -0.43475341796875, 0.38409423828125
-0.9998779296875, -0.70733642578125, 0.9998779296875, 0.168243408203125, -0.352630615234375, 0.43804931640625
-0.9998779296875, 0.92376708984375, 0.9998779296875, 0.09722900390625, -0.04998779296875, 0.47119140625
-0.306396484375, 0.9998779296875, 0.426666259765625, 0.03167724609375, 0.21820068359375, 0.1363525390625
-0.0640869140625, 0.695709228515625, -0.7149658203125, -0.0213623046875, 0.20135498046875, 0.067962646484375
0.08502197265625, 0.28955078125, -0.6761474609375, -0.057037353515625, 0.072021484375, 0.0003662109375
0.05572509765625, 0.079742431640625, 0.69219970703125, -0.0108642578125, -0.053436279296875, -0.0357666015625
0.055633544921875, -0.0123291015625, 0.829559326171875, 0.013763427734375, -0.030914306640625, -0.03778076171875
0.008636474609375, -0.1083984375, 0.567962646484375, 0.01300048828125, 0.081268310546875, -0.01763916015625
0.02362060546875, 0.004486083984375, 0.073455810546875, -0.045318603515625, 0.12353515625, -0.004913330078125
0.039154052734375, 0.01708984375, 0.007843017578125, -0.062713623046875, 0.11651611328125, -0.009002685546875
0.06280517578125, -0.011322021484375, -0.019989013671875, -0.077880859375, 0.091064453125, -0.018280029296875
0.10675048828125, 0.024444580078125, 0.140838623046875, -0.08111572265625, 0.04754638671875, -0.017669677734375
0.117340087890625, 0.05352783203125, 0.193389892578125, -0.0814208984375, 0.044921875, -0.01873779296875
0.122528076171875, 0.061859130859375, 0.225372314453125, -0.071319580078125, 0.051116943359375, -0.0257568359375
0.142242431640625, 0.077728271484375, 0.097625732421875, -0.04693603515625, 0.0684814453125, -0.0364990234375
0.144195556640625, 0.097381591796875, 0.0650634765625, -0.04425048828125, 0.06890869140625, -0.03948974609375
0.135589599609375, 0.07861328125, 0.0001220703125, -0.04571533203125, 0.066680908203125, -0.050872802734375
0.147247314453125, 0.02545166015625, -0.04058837890625, -0.066375732421875, 0.046966552734375, -0.064666748046875
0.144805908203125, 0.010467529296875, -0.021697998046875, -0.07208251953125, 0.041351318359375, -0.0673828125
0.156707763671875, -0.004364013671875, 0.026275634765625, -0.08135986328125, 0.033935546875, -0.070343017578125
0.13323974609375, 0.0355224609375, 0.02325439453125, -0.099456787109375, 0.035858154296875, -0.079742431640625
0.12237548828125, 0.023681640625, 0.002593994140625, -0.097625732421875, 0.035552978515625, -0.085052490234375
0.10888671875, -0.02581787109375, -0.061920166015625, -0.09100341796875, 0.032073974609375, -0.094635009765625
0.074005126953125, -0.098724365234375, -0.181884765625, -0.09429931640625, -0.001922607421875, -0.096221923828125
0.083648681640625, -0.151519775390625, -0.3155517578125, -0.078094482421875, -0.014190673828125, -0.092620849609375
-0.09930419921875, -0.262603759765625, -0.765899658203125, -0.0618896484375, -0.058197021484375, -0.07708740234375
-0.7904052734375, -0.9998779296875, -0.9998779296875, 0.139404296875, -0.4166259765625, -0.006256103515625
-0.9998779296875, -0.9998779296875, -0.811309814453125, 0.138153076171875, -0.582122802734375, 0.147796630859375
-0.9998779296875, -0.9998779296875, 0.9998779296875, 0.18170166015625, -0.642974853515625, 0.30316162109375
-0.9998779296875, -0.52996826171875, 0.9998779296875, 0.3526611328125, -0.35992431640625, 0.419769287109375
-0.970489501953125, 0.617095947265625, 0.9998779296875, 0.193603515625, -0.197723388671875, 0.399017333984375
-0.094818115234375, 0.9998779296875, 0.68975830078125, -0.1033935546875, 0.072723388671875, 0.218048095703125
-0.114044189453125, -0.3931884765625, 0.596954345703125, -0.1905517578125, 0.050689697265625, -0.1453857421875
-0.091033935546875, -0.64923095703125, 0.58245849609375, -0.104522705078125, 0.05145263671875, -0.123626708984375
-0.04168701171875, -0.52825927734375, 0.344146728515625, -0.01806640625, 0.064422607421875, -0.037841796875
0.07525634765625, 0.058563232421875, 0.158477783203125, 0.00518798828125, 0.04766845703125, 0.0474853515625
0.09210205078125, 0.123565673828125, 0.14349365234375, -0.0032958984375, 0.04632568359375, 0.0413818359375
0.099090576171875, 0.146392822265625, 0.08575439453125, -0.00335693359375, 0.041595458984375, 0.017608642578125
0.06390380859375, -0.018768310546875, 0.075531005859375, -0.0133056640625, 0.01495361328125, -0.0283203125
0.06256103515625, -0.07452392578125, 0.104766845703125, -0.02215576171875, 0.009246826171875, -0.03375244140625
0.054901123046875, -0.14764404296875, 0.170867919921875, -0.043670654296875, 0.00408935546875, -0.03350830078125
0.057891845703125, -0.11981201171875, 0.22869873046875, -0.064117431640625, 0.01177978515625, -0.012847900390625
0.06121826171875, -0.0909423828125, 0.21551513671875, -0.062652587890625, 0.01373291015625, -0.00909423828125
0.05462646484375, -0.0751953125, 0.167022705078125, -0.045196533203125, 0.012939453125, -0.004852294921875
0.044647216796875, -0.04852294921875, 0.180267333984375, -0.013885498046875, -0.005218505859375, -0.001739501953125
0.044769287109375, -0.045257568359375, 0.200714111328125, -0.00592041015625, -0.00958251953125, -0.002471923828125
0.051055908203125, -0.06781005859375, 0.246673583984375, 0.007415771484375, -0.014862060546875, -0.004974365234375

-0.019622802734375, -0.97216796875, -0.99615478515625, 0.05841064453125, -0.069183349609375, -0.0469970703125
-0.32049560546875, -0.9998779296875, -0.9998779296875, 0.06500244140625, -0.1519775390625, 0.04913330078125
-0.9998779296875, -0.9998779296875, 0.787506103515625, 0.168060302734375, -0.39422607421875, 0.27349853515625
-0.9998779296875, 0.634185791015625, 0.9998779296875, -0.040313720703125, -0.157684326171875, 0.53387451171875
-0.9998779296875, 0.9998779296875, 0.9998779296875, -0.08038330078125, 0.047637939453125, 0.498626708984375
-0.323028564453125, 0.9998779296875, 0.166107177734375, -0.05523681640625, 0.257568359375, 0.2626953125
-0.099945068359375, -0.11993408203125, -0.119293212890625, -0.197021484375, 0.143341064453125, -0.089691162109375
-0.066253662109375, -0.272979736328125, 0.035430908203125, -0.20501708984375, 0.11395263671875, -0.08587646484375
-0.017974853515625, -0.197662353515625, 0.265472412109375, -0.221649169921875, 0.0858154296875, -0.0501708984375
0.013519287109375, 0.062652587890625, 0.333648681640625, -0.04351806640625, 0.117767333984375, -0.018951416015625
0.04217529296875, 0.083404541015625, 0.0777587890625, -0.008209228515625, 0.12396240234375, -0.015350341796875
0.0692138671875, 0.103607177734375, -0.15740966796875, 0.033477783203125, 0.118499755859375, -0.00958251953125
0.113006591796875, 0.0771484375, -0.209716796875, -0.009002685546875, 0.05670166015625, -0.010223388671875
0.12969970703125, 0.071807861328125, -0.158966064453125, -0.016204833984375, 0.042022705078125, -0.0093994140625
0.146728515625, 0.0977783203125, 0.00897216796875, -0.0289306640625, 0.015289306640625, -0.00738525390625
0.169097900390625, 0.132568359375, 0.12591552734375, -0.0518798828125, 0.0186767578125, -0.013641357421875
0.1798095703125, 0.141448974609375, 0.12457275390625, -0.05743408203125, 0.02508544921875, -0.01678466796875
0.180572509765625, 0.138885498046875, 0.064453125, -0.054901123046875, 0.036956787109375, -0.024627685546875
0.1885986328125, 0.0955810546875, -0.068328857421875, -0.053466796875, 0.032135009765625, -0.03759765625
0.18804931640625, 0.09808349609375, -0.07904052734375, -0.05657958984375, 0.026458740234375, -0.04058837890625
0.193267822265625, 0.119842529296875, -0.071563720703125, -0.0582275390625, 0.0145263671875, -0.046905517578125
0.168060302734375, 0.135528564453125, -0.09381103515625, -0.027618408203125, -0.005523681640625, -0.071044921875
0.1492919921875, 0.11614990234375, -0.129913330078125, -0.0382080078125, -0.012542724609375, -0.08056640625
0.1273193359375, 0.038238525390625, -0.127197265625, -0.066680908203125, -0.020477294921875, -0.0880126953125
0.118682861328125, 0.037078857421875, -0.090057373046875, -0.108001708984375, -0.026824951171875, -0.086639404296875
0.107757568359375, 0.055694580078125, -0.086578369140625, -0.112701416015625, -0.028045654296875, -0.085540771484375
0.09613037109375, 0.054107666015625, -0.11444091796875, -0.1141357421875, -0.034637451171875, -0.088104248046875
-0.0357666015625, -0.18328857421875, -0.67413330078125, -0.046173095703125, -0.08135986328125, -0.08343505859375
-0.1077880859375, -0.47088623046875, -0.998809814453125, 0.005645751953125, -0.120635986328125, -0.080169677734375
-0.70867919921875, -0.9998779296875, -0.9998779296875, 0.217010498046875, -0.288482666015625, -0.046875
-0.9998779296875, -0.9998779296875, 0.9998779296875, 0.162994384765625, -0.572509765625, 0.50360107421875
-0.9998779296875, 0.0955810546875, 0.9998779296875, 0.15301513671875, -0.40740966796875, 0.561431884765625
-0.630157470703125, 0.9998779296875, 0.9998779296875, 0.192291259765625, 0.130126953125, 0.4642333984375
-0.112030029296875, 0.455810546875, -0.55126953125, -0.151824951171875, 0.095855712890625, -0.142333984375
-0.148773193359375, -0.15386962890625, -0.194915771484375, -0.130126953125, 0.02105712890625, -0.179534912109375
-0.07806396484375, -0.432708740234375, 0.589141845703125, -0.14251708984375, -0.053436279296875, -0.14605712890625
0.017608642578125, -0.0855712890625, 0.525054931640625, -0.01025390625, 0.028961181640625, -0.047515869140625
0.029083251953125, -0.083892822265625, 0.35693359375, 0.01324462890625, 0.046142578125, -0.039642333984375
0.06927490234375, -0.073944091796875, 0.085113525390625, 0.028594970703125, 0.057464599609375, -0.02728271484375
0.103851318359375, -0.00238037109375, 0.023345947265625, -0.011260986328125, 0.02117919921875, -0.025909423828125
0.09246826171875, -0.00201416015625, 0.07177734375, -0.021331787109375, 0.012451171875, -0.029693603515625
0.0704345703125, -0.041259765625, 0.152984619140625, -0.034515380859375, 0.003143310546875, -0.03662109375
0.07257080078125, -0.128875732421875, 0.21075439453125, -0.061920166015625, 0.00592041015625, -0.022674560546875
0.076812744140625, -0.102447509765625, 0.21722412109375, -0.065216064453125, 0.007720947265625, -0.015899658203125
0.0869140625, -0.0240478515625, 0.214569091796875, -0.064849853515625, 0.01141357421875, -0.006561279296875
0.078857421875, 0.03411865234375, 0.151123046875, -0.02874755859375, 0.00579833984375, -0.010528564453125
0.079315185546875, 0.02764892578125, 0.145721435546875, -0.018707275390625, 0.001129150390625, -0.013214111328125
0.07403564453125, 0.00421142578125, 0.167236328125, -0.008575439453125, -0.00823974609375, -0.017791748046875
0.080535888671875, -0.060882568359375, 0.2279052734375, -0.0201416015625, -0.012664794921875, -0.01806640625
0.08062744140625, -0.06011962890625, 0.23663330078125, -0.02734375, -0.010498046875, -0.0157470703125

-0.01287841796875, -0.9998779296875, -0.9998779296875, -0.027313232421875, 0.00653076171875, -0.01275634765625
-0.195068359375, -0.9998779296875, -0.9998779296875, 0.08856201171875, -0.082550048828125, 0.03863525390625
-0.9998779296875, -0.9998779296875, -0.802154541015625, 0.1160888671875, -0.346099853515625, 0.19488525390625
-0.9998779296875, 0.9998779296875, 0.9998779296875, -0.015838623046875, -0.21923828125, 0.459442138671875
-0.741363525390625, 0.9998779296875, 0.9998779296875, -0.050537109375, 0.045257568359375, 0.404815673828125
-0.555938720703125, 0.9998779296875, 0.2169189453125, 0.04913330078125, 0.316009521484375, 0.149078369140625
-0.007537841796875, -0.184234619140625, -0.66912841796875, 0.0516357421875, 0.165435791015625, -0.004974365234375
0.0284423828125, 0.105499267578125, -0.2669677734375, 0.120941162109375, 0.087921142578125, 0.031463623046875
0.075408935546875, 0.2742919921875, 0.610076904296875, 0.06671142578125, 0.02740478515625, 0.023834228515625
0.02813720703125, 0.09332275390625, 0.2608642578125, -0.015716552734375, 0.13189697265625, -0.0062255859375
0.048736572265625, 0.0972900390625, -0.00445556640625, -0.0001220703125, 0.128326416015625, -0.01007080078125
0.085235595703125, 0.0244140625, -0.1275634765625, 0.001678466796875, 0.105224609375, -0.0185546875
0.111328125, -0.081512451171875, -0.050079345703125, -0.0238037109375, 0.055328369140625, -0.0166015625
0.117767333984375, -0.096038818359375, 0.027862548828125, -0.048126220703125, 0.050079345703125, -0.00848388671875
0.130218505859375, -0.037109375, 0.08349609375, -0.063201904296875, 0.053009033203125, -0.000762939453125
0.147491455078125, 0.034820556640625, 0.02105712890625, -0.08404541015625, 0.060150146484375, 0.001708984375
0.1595458984375, 0.074249267578125, 0.00872802734375, -0.092559814453125, 0.059326171875, -0.0003662109375
0.161376953125, 0.13348388671875, -0.008636474609375, -0.10211181640625, 0.056640625, -0.01092529296875
0.154571533203125, 0.08282470703125, -0.04388427734375, -0.09954833984375, 0.04571533203125, -0.04180908203125
0.154571533203125, 0.07122802734375, -0.050994873046875, -0.098541259765625, 0.043060302734375, -0.046295166015625
0.15130615234375, 0.069549560546875, -0.067291259765625, -0.101348876953125, 0.038726806640625, -0.053070068359375
0.152374267578125, 0.0391845703125, -0.080474853515625, -0.1016845703125, 0.028717041015625, -0.068328857421875
0.11895751953125, 0.0196533203125, -0.09820556640625, -0.09423828125, 0.0235595703125, -0.07171630859375
0.101531982421875, 0.018890380859375, -0.1549072265625, -0.07415771484375, 0.017059326171875, -0.0745849609375
0.014923095703125, 0.022430419921875, -0.4998779296875, -0.079864501953125, -0.013336181640625, -0.077178955078125
-0.040771484375, -0.03338623046875, -0.8343505859375, -0.06256103515625, -0.03460693359375, -0.07720947265625
-0.3238525390625, -0.506866455078125, -0.9998779296875, 0.0087890625, -0.1617431640625, -0.086700439453125
-0.9998779296875, -0.9998779296875, -0.431732177734375, 0.15655517578125, -0.630035400390625, 0.10882568359375
-0.9998779296875, -0.9998779296875, 0.83056640625, 0.16656494140625, -0.6920166015625, 0.18756103515625
-0.9998779296875, -0.9998779296875, 0.9998779296875, 0.220947265625, -0.616973876953125, 0.321441650390625
-0.2579345703125, 0.9998779296875, 0.76519775390625, 0.065155029296875, 0.079437255859375, 0.301116943359375
-0.001678466796875, 0.9998779296875, 0.2237548828125, -0.095123291015625, 0.118194580078125, 0.1455078125
-0.079681396484375, 0.191802978515625, 0.32110595703125, -0.2080078125, 0.090118408203125, -0.09521484375
-0.0167236328125, -0.3184814453125, 0.377685546875, -0.036529541015625, 0.085174560546875, -0.0029296875
0.013214111328125, -0.1522216796875, 0.26348876953125, -0.024200439453125, 0.088714599609375, 0.018951416015625
0.082763671875, 0.04541015625, 0.111968994140625, -0.0140380859375, 0.08349609375, 0.03057861328125
0.145751953125, 0.101715087890625, -0.012451171875, -0.009185791015625, 0.05450439453125, -0.004730224609375
0.140289306640625, 0.079071044921875, -0.019866943359375, -0.013214111328125, 0.045440673828125, -0.01556396484375
0.11163330078125, -0.0142822265625, -0.009246826171875, -0.025421142578125, 0.026947021484375, -0.03271484375
0.092864990234375, -0.1182861328125, 0.150848388671875, -0.0924072265625, 0.00213623046875, -0.04071044921875
0.09149169921875, -0.08685302734375, 0.206298828125, -0.117462158203125, 0.00091552734375, -0.04058837890625
0.110626220703125, -0.0205078125, 0.232940673828125, -0.11419677734375, 0.00360107421875, -0.0357666015625
0.085235595703125, 0.002166748046875, 0.1649169921875, -0.0543212890625, 0.003204345703125, -0.0289306640625
0.070098876953125, -0.016937255859375, 0.159210205078125, -0.0284423828125, -0.002899169921875, -0.02606201171875
0.016448974609375, -0.052581787109375, 0.17138671875, -0.011199951171875, -0.013427734375, -0.02655029296875
0.109619140625, -0.072906494140625, 0.166656494140625, -0.005126953125, -0.0159912109375, -0.020233154296875
0.08990478515625, -0.05609130859375, 0.160003662109375, -0.01361083984375, -0.01446533203125, -0.01177978515625
0.088470458984375, -0.0167236328125, 0.14935302734375, -0.0240478515625, -0.013580322265625, -0.001800537109375
0.037841796875, 0.052032470703125, 0.160858154296875, -0.027008056640625, -0.016876220703125, 0.01007080078125
0.054168701171875, 0.044464111328125, 0.14447021484375, -0.002532958984375, -0.018829345703125, 0.012054443359375

-0.988067626953125, -0.9998779296875, -0.58685302734375, 0.036407470703125, -0.273193359375, 0.15130615234375
-0.9998779296875, -0.9998779296875, 0.013916015625, 0.064300537109375, -0.3402099609375, 0.253448486328125
-0.9998779296875, -0.598785400390625, 0.9998779296875, 0.043731689453125, -0.3701171875, 0.44097900390625
-0.45123291015625, 0.9998779296875, 0.346343994140625, 0.102386474609375, 0.29730224609375, 0.19207763671875
-0.390960693359375, 0.9998779296875, -0.55181884765625, 0.007965087890625, 0.299652099609375, 0.070587158203125
-0.122406005859375, 0.01263427734375, -0.073760986328125, -0.179840087890625, 0.18084716796875, -0.085418701171875
-0.19769287109375, -0.058502197265625, 0.359771728515625, -0.081024169921875, 0.1917724609375, -0.06683349609375
-0.175506591796875, -0.09442138671875, 0.0831298828125, -0.051025390625, 0.19891357421875, -0.05731201171875
-0.066070556640625, -0.04425048828125, -0.1787109375, -0.004791259765625, 0.170257568359375, -0.03228759765625
0.114715576171875, 0.059783935546875, -0.2532958984375, -0.0015869140625, 0.097869873046875, -0.014434814453125
0.128509521484375, 0.069091796875, -0.228546142578125, -0.012359619140625, 0.082305908203125, -0.016326904296875
0.136322021484375, 0.0596923828125, -0.142486572265625, -0.03448486328125, 0.056915283203125, -0.022064208984375
0.152008056640625, 0.087493896484375, 0.07647705078125, -0.0771484375, 0.04046630859375, -0.02801513671875
0.15338134765625, 0.086212158203125, 0.076141357421875, -0.081268310546875, 0.045379638671875, -0.030242919921875
0.154571533203125, 0.057952880859375, 0.007171630859375, -0.082763671875, 0.0535888671875, -0.034820556640625
0.162078857421875, 0.035430908203125, -0.10552978515625, -0.06219482421875, 0.040008544921875, -0.0333251953125
0.168304443359375, 0.05450439453125, -0.091888427734375, -0.06024169921875, 0.026397705078125, -0.033599853515625
0.17291259765625, 0.12249755859375, -0.060882568359375, -0.05224609375, 0.019775390625, -0.04058837890625
0.15264892578125, 0.058807373046875, -0.13201904296875, -0.055389404296875, 0.01055908203125, -0.066558837890625
0.146148681640625, 0.02886962890625, -0.1400146484375, -0.0606689453125, 0.005767822265625, -0.071380615234375
0.12322998046875, -0.040130615234375, -0.18316650390625, -0.080902099609375, -0.009521484375, -0.076629638671875
0.0946044921875, -0.078948974609375, -0.25701904296875, -0.102386474609375, -0.029876708984375, -0.0716552734375
0.09722900390625, -0.09332275390625, -0.320159912109375, -0.104736328125, -0.040069580078125, -0.067840576171875
0.026702880859375, -0.166015625, -0.60498046875, -0.05511474609375, -0.0787353515625, -0.051788330078125
-0.627899169921875, -0.831390380859375, -0.9998779296875, 0.10308837890625, -0.309600830078125, -0.008209228515625
-0.98779296875, -0.9998779296875, -0.867279052734375, 0.1258544921875, -0.393798828125, 0.0142822265625
-0.9998779296875, -0.9998779296875, -0.20037841796875, 0.236785888671875, -0.526947021484375, 0.104705810546875
-0.9998779296875, -0.9998779296875, 0.9998779296875, 0.36572265625, -0.3651123046875, 0.23529052734375
-0.702789306640625, -0.53863525390625, 0.9998779296875, 0.21484375, -0.19708251953125, 0.253326416015625
-0.198638916015625, 0.9998779296875, 0.829437255859375, -0.130401611328125, 0.102325439453125, 0.20404052734375
-0.08917236328125, -0.1900634765625, 0.348419189453125, -0.154205322265625, 0.052276611328125, -0.100311279296875
-0.044525146484375, -0.449798583984375, 0.4534912109375, -0.09222412109375, 0.035369873046875, -0.0955810546875
-0.007965087890625, -0.521484375, 0.423858642578125, 0.01727294921875, 0.0382080078125, -0.03192138671875
0.0595703125, -0.056671142578125, 0.205291748046875, 0.014862060546875, 0.06561279296875, 0.050140380859375
0.069671630859375, 0.023681640625, 0.14117431640625, 0.0074462890625, 0.06829833984375, 0.049346923828125
0.092681884765625, 0.1025390625, 0.016845703125, -0.008758544921875, 0.065582275390625, 0.033111572265625
0.089385986328125, 0.0223388671875, -0.016754150390625, -0.036590576171875, 0.025146484375, -0.014892578125
0.0831298828125, -0.02484130859375, 0.033966064453125, -0.0413818359375, 0.00665283203125, -0.02685546875
0.072174072265625, -0.111846923828125, 0.18389892578125, -0.051788330078125, -0.000762939453125, -0.02691650390625
0.0687255859375, -0.117401123046875, 0.241668701171875, -0.05364990234375, 0.006378173828125, -0.010894775390625
0.062591552734375, -0.080902099609375, 0.233001708984375, -0.046722412109375, 0.008270263671875, -0.007232666015625
0.0596923828125, -0.044281005859375, 0.21636962890625, -0.03515625, 0.01031494140625, -0.003570556640625
0.05859375, -0.03515625, 0.19635009765625, -0.01654052734375, 0.0023193359375, -0.00604248046875
0.060455322265625, -0.041015625, 0.20697021484375, -0.01611328125, 0.00103759765625, -0.0074462890625
0.06646728515625, -0.050628662109375, 0.218780517578125, -0.016387939453125, 0.00054931640625, -0.009490966796875
0.06988525390625, -0.063079833984375, 0.267547607421875, -0.03082275390625, 0.006927490234375, -0.012664794921875
0.071319580078125, -0.06103515625, 0.26751708984375, -0.03582763671875, 0.010467529296875, -0.013031005859375
0.076263427734375, -0.056396484375, 0.25823974609375, -0.044921875, 0.016357421875, -0.013702392578125
0.0740966796875, -0.02862548828125, 0.212371826171875, -0.04705810546875, 0.023956298828125, -0.012298583984375
0.07147216796875, -0.015045166015625, 0.1976318359375, -0.046875, 0.0233154296875, -0.013275146484375

-0.083953857421875, -0.99798583984375, -0.9998779296875, 0.06170654296875, -0.092376708984375, 0.0009765625
-0.9998779296875, -0.9998779296875, 0.892181396484375, 0.108428955078125, -0.43450927734375, 0.2960205078125
-0.9998779296875, -0.9998779296875, 0.9998779296875, 0.150238037109375, -0.434112548828125, 0.38238525390625
-0.9998779296875, 0.880462646484375, 0.9998779296875, 0.07965087890625, -0.215118408203125, 0.464447021484375
-0.115997314453125, 0.485382080078125, 0.03887939453125, -0.152130126953125, 0.17144775390625, 0.003143310546875
-0.051422119140625, 0.0845947265625, 0.090301513671875, -0.183013916015625, 0.15179443359375, -0.03472900390625
-0.017486572265625, -0.059722900390625, 0.092315673828125, -0.046356201171875, 0.109619140625, -0.01568603515625
0.04638671875, 0.223297119140625, 0.386688232421875, 0.092193603515625, 0.060760498046875, 0.024993896484375
0.0546875, 0.26123046875, 0.407196044921875, 0.07275390625, 0.06927490234375, 0.0142822265625
0.072967529296875, 0.23699951171875, 0.2008056640625, 0.00750732421875, 0.108428955078125, -0.0047607421875
0.0750732421875, 0.084869384765625, -0.033294677734375, -0.0428466796875, 0.111236572265625, -0.033416748046875
0.077880859375, 0.05096435546875, -0.04833984375, -0.058624267578125, 0.10205078125, -0.03924560546875
0.08447265625, 0.020172119140625, 0.030120849609375, -0.083404541015625, 0.080322265625, -0.045745849609375
0.094207763671875, -0.004638671875, 0.1484375, -0.11578369140625, 0.0777587890625, -0.049530029296875
0.106719970703125, 0.020782470703125, 0.12603759765625, -0.11334228515625, 0.081695556640625, -0.049957275390625
0.119781494140625, 0.048583984375, 0.044769287109375, -0.105712890625, 0.087158203125, -0.054046630859375
0.114166259765625, 0.03692626953125, -0.066009521484375, -0.097503662109375, 0.0753173828125, -0.071929931640625
0.107574462890625, 0.02294921875, -0.07568359375, -0.093048095703125, 0.0699462890625, -0.083831787109375
0.10235595703125, -0.05792236328125, -0.09930419921875, -0.0889892578125, 0.055023193359375, -0.08245849609375
0.109527587890625, -0.098236083984375, -0.107421875, -0.087860107421875, 0.041168212890625, -0.07611083984375
0.09515380859375, -0.091522216796875, -0.13067626953125, -0.09735107421875, 0.038299560546875, -0.074432373046875
0.094573974609375, -0.102783203125, -0.212371826171875, -0.092315673828125, 0.0283203125, -0.07159423828125
0.00433349609375, -0.123748779296875, -0.636749267578125, -0.012847900390625, -0.021575927734375, -0.057373046875
-0.025146484375, -0.230316162109375, -0.997833251953125, 0.002655029296875, -0.0533447265625, -0.052490234375
-0.417236328125, -0.632080078125, -0.9998779296875, -0.0001220703125, -0.213623046875, -0.048797607421875
-0.9998779296875, -0.9998779296875, -0.149017333984375, 0.2049560546875, -0.647796630859375, 0.17279052734375
-0.9998779296875, -0.9998779296875, 0.9998779296875, 0.275482177734375, -0.704254150390625, 0.307098388671875
-0.9998779296875, -0.51824951171875, 0.9998779296875, 0.39166259765625, -0.3447265625, 0.401580810546875
0.04302978515625, 0.9998779296875, 0.472747802734375, -0.123199462890625, 0.039642333984375, 0.177459716796875
0.018096923828125, 0.9998779296875, 0.08990478515625, -0.21405029296875, 0.06744384765625, 0.023468017578125
-0.2249755859375, 0.044403076171875, 0.71331787109375, -0.217620849609375, 0.018096923828125, -0.179443359375
-0.106964111328125, -0.73956298828125, 0.332855224609375, -0.029937744140625, 0.088104248046875, -0.06982421875
-0.060272216796875, -0.536529541015625, 0.16680908203125, -0.026153564453125, 0.091400146484375, -0.02154541015625
-0.012542724609375, -0.222930908203125, 0.058746337890625, -0.022064208984375, 0.073394775390625, 0.034210205078125
0.093231201171875, 0.117950439453125, 0.032379150390625, -0.02154541015625, 0.02545166015625, 0.02557373046875
0.08856201171875, 0.16326904296875, 0.055633544921875, -0.0191650390625, 0.014984130859375, 0.01263427734375
0.070281982421875, 0.092254638671875, 0.138031005859375, -0.01190185546875, -0.001312255859375, -0.0150146484375
0.04888916015625, -0.10906982421875, 0.2979736328125, -0.0343017578125, 0.00103759765625, -0.037445068359375
0.045318603515625, -0.1231689453125, 0.3094482421875, -0.0396728515625, 0.00732421875, -0.02703857421875
0.04296875, -0.098236083984375, 0.243499755859375, -0.047821044921875, 0.0252685546875, -0.019287109375
0.032989501953125, -0.029754638671875, 0.1708984375, -0.04034423828125, 0.02252197265625, -0.012115478515625
0.031768798828125, -0.021728515625, 0.16595458984375, -0.0323486328125, 0.017486572265625, -0.0126953125
0.03460693359375, -0.031646728515625, 0.196441650390625, -0.021881103515625, 0.005584716796875, -0.0157470703125
0.029998779296875, -0.0902099609375, 0.258819580078125, -0.003997802734375, -0.0008544921875, -0.0172119140625
0.032012939453125, -0.106475830078125, 0.2701416015625, -0.003692626953125, -0.00018310546875, -0.01617431640625
0.031341552734375, -0.122528076171875, 0.2841796875, -0.006317138671875, 0.004058837890625, -0.01153564453125
0.0428466796875, -0.079376220703125, 0.270416259765625, -0.021881103515625, 0.01702880859375, -0.00164794921875
0.047821044921875, -0.0531005859375, 0.2664794921875, -0.02850341796875, 0.021240234375, -0.00146484375
0.0543212890625, -0.04400634765625, 0.249603271484375, -0.02642822265625, 0.02410888671875, -0.0013427734375
0.07098388671875, -0.0274658203125, 0.21343994140625, -0.0189208984375, 0.022918701171875, 0.000518798828125

0.012451171875, -0.614227294921875, -0.95892333984375, 0.08837890625, 0.05364990234375, -0.05645751953125
0.004730224609375, -0.988922119140625, -0.9998779296875, 0.253692626953125, -0.11859130859375, 0.02587890625
-0.9998779296875, -0.9998779296875, -0.99468994140625, 0.180633544921875, -0.4537353515625, 0.102264404296875
-0.9998779296875, -0.98553466796875, 0.9998779296875, 0.247711181640625, -0.446136474609375, 0.41339111328125
-0.9998779296875, 0.3612060546875, 0.9998779296875, 0.138702392578125, -0.2059326171875, 0.448944091796875
-0.433929443359375, 0.9998779296875, 0.9329833984375, 0.054351806640625, 0.166107177734375, 0.33074951171875
-0.01031494140625, -0.23968505859375, -0.34765625, -0.171844482421875, 0.134185791015625, 0.023773193359375
0.015045166015625, -0.1063232421875, -0.14605712890625, -0.10565185546875, 0.084014892578125, 0.044036865234375
0.042724609375, 0.168212890625, 0.32916259765625, -0.02984619140625, 0.024200439453125, 0.0614013671875
0.095245361328125, 0.15399169921875, 0.451812744140625, -0.023712158203125, 0.0660400390625, 0.042633056640625
0.109619140625, 0.17156982421875, 0.351165771484375, -0.0316162109375, 0.083160400390625, 0.039276123046875
0.12353515625, 0.21112060546875, 0.14178466796875, -0.048248291015625, 0.1016845703125, 0.027008056640625
0.119659423828125, 0.196319580078125, 0.026153564453125, -0.077728271484375, 0.0771484375, -0.032562255859375
0.11199951171875, 0.138916015625, 0.049652099609375, -0.074371337890625, 0.064544677734375, -0.046600341796875
0.112091064453125, 0.0518798828125, 0.08038330078125, -0.06524658203125, 0.057220458984375, -0.052490234375
0.128570556640625, 0.038482666015625, 0.122100830078125, -0.08245849609375, 0.056640625, -0.0513916015625
0.13104248046875, 0.0552978515625, 0.123809814453125, -0.086761474609375, 0.05938720703125, -0.0506591796875
0.135772705078125, 0.09893798828125, 0.09259033203125, -0.098175048828125, 0.0660400390625, -0.05291748046875
0.11297607421875, 0.068389892578125, -0.00872802734375, -0.10272216796875, 0.0648193359375, -0.075592041015625
0.1121826171875, 0.0294189453125, -0.026275634765625, -0.0927734375, 0.058868408203125, -0.082672119140625
0.106201171875, -0.052825927734375, -0.058624267578125, -0.087005615234375, 0.053955078125, -0.0814208984375
0.10906982421875, -0.03961181640625, -0.1114501953125, -0.0841064453125, 0.047210693359375, -0.072601318359375
0.10595703125, -0.037384033203125, -0.14825439453125, -0.0748291015625, 0.040252685546875, -0.07061767578125
0.082244873046875, -0.01434326171875, -0.3018798828125, -0.09686279296875, 0.023834228515625, -0.071533203125
0.052581787109375, -0.090179443359375, -0.60296630859375, -0.0633544921875, -0.050811767578125, -0.068389892578125
-0.044158935546875, -0.115753173828125, -0.864501953125, -0.031646728515625, -0.085113525390625, -0.06390380859375
-0.648590087890625, -0.955352783203125, -0.9998779296875, 0.124786376953125, -0.304901123046875, -0.063446044921875
-0.9998779296875, -0.9998779296875, -0.58587646484375, 0.190460205078125, -0.55426025390625, 0.06402587890625
-0.9998779296875, -0.9998779296875, 0.215301513671875, 0.228515625, -0.620880126953125, 0.1064453125
-0.9998779296875, -0.9998779296875, 0.9998779296875, 0.330718994140625, -0.627593994140625, 0.208465576171875
-0.4129638671875, 0.592132568359375, 0.9998779296875, 0.2081298828125, -0.105224609375, 0.29986572265625
-0.110931396484375, 0.9998779296875, 0.997894287109375, -0.01318359375, 0.0120849609375, 0.233673095703125
-0.054229736328125, 0.734893798828125, 0.156829833984375, -0.2252197265625, 0.113189697265625, 0.016937255859375
-0.0052490234375, -0.526031494140625, 0.34710693359375, -0.0556640625, 0.0594482421875, -0.01092529296875
0.006927490234375, -0.360992431640625, 0.3021240234375, -0.02056884765625, 0.0572509765625, 0.017913818359375
0.059539794921875, -0.0926513671875, 0.235015869140625, -0.0079345703125, 0.0540771484375, 0.046417236328125
0.12841796875, 0.15228271484375, 0.14581298828125, -0.026641845703125, 0.0577392578125, 0.01800537109375
0.119232177734375, 0.130767822265625, 0.093353271484375, -0.02325439453125, 0.05810546875, 0.003692626953125
0.101409912109375, 0.066314697265625, 0.03009033203125, -0.030059814453125, 0.051544189453125, -0.023345947265625
0.065673828125, -0.184600830078125, 0.079986572265625, -0.060699462890625, 0.02178955078125, -0.05047607421875
0.061492919921875, -0.200958251953125, 0.1417236328125, -0.079254150390625, 0.015716552734375, -0.051849365234375
0.06683349609375, -0.234527587890625, 0.182342529296875, -0.090301513671875, 0.01361083984375, -0.046295166015625
0.089263916015625, -0.121795654296875, 0.13946533203125, -0.048492431640625, 0.012939453125, -0.005126953125
0.087554931640625, -0.108306884765625, 0.130340576171875, -0.03521728515625, 0.01055908203125, 0.00030517578125
0.086151123046875, -0.077667236328125, 0.138153076171875, -0.033050537109375, 0.00262451171875, 0.004974365234375
0.084136962890625, -0.06573486328125, 0.21881103515625, -0.016571044921875, -0.00439453125, 0.0052490234375
0.09521484375, -0.058441162109375, 0.2119140625, -0.015838623046875, -0.001983642578125, 0.005706787109375
0.10302734375, -0.0611572265625, 0.1795654296875, -0.01507568359375, 0.001007080078125, 0.006591796875
0.1065673828125, -0.04071044921875, 0.175079345703125, -0.036651611328125, 0.001190185546875, 0.006103515625
0.112030029296875, -0.033203125, 0.176116943359375, -0.03985595703125, 0.00115966796875, 0.0057373046875

-0.780120849609375, -0.9998779296875, -0.725921630859375, 0.096160888671875, -0.297698974609375, 0.0675048828125
-0.9998779296875, -0.9998779296875, -0.25787353515625, 0.09698486328125, -0.3680419921875, 0.155975341796875
-0.9998779296875, -0.9998779296875, 0.9998779296875, 0.0721435546875, -0.433868408203125, 0.404388427734375
-0.67279052734375, 0.9998779296875, 0.9998779296875, 0.109710693359375, 0.20458984375, 0.41119384765625
-0.274871826171875, 0.5120849609375, -0.53887939453125, -0.081390380859375, 0.27435302734375, 0.00408935546875
0.06219482421875, 0.208343505859375, 0.2177734375, -0.100982666015625, 0.045501708984375, 0.0281982421875
0.080169677734375, 0.288665771484375, 0.447265625, -0.11016845703125, 0.04156494140625, 0.01824951171875
0.082427978515625, 0.201446533203125, 0.443572998046875, -0.1151123046875, 0.078277587890625, -0.01214599609375
0.0989990234375, 0.086395263671875, -0.05535888671875, -0.072723388671875, 0.10504150390625, -0.03485107421875
0.10247802734375, 0.06243896484375, -0.09466552734375, -0.0675048828125, 0.094085693359375, -0.038543701171875
0.112457275390625, 0.021087646484375, -0.061065673828125, -0.07061767578125, 0.067962646484375, -0.0426025390625
0.13006591796875, 0.032073974609375, 0.070281982421875, -0.06854248046875, 0.044769287109375, -0.03631591796875
0.146514892578125, 0.068145751953125, 0.085906982421875, -0.07025146484375, 0.045196533203125, -0.03363037109375
0.13970947265625, 0.098724365234375, 0.056243896484375, -0.067352294921875, 0.04962158203125, -0.034393310546875
0.15960693359375, 0.124359130859375, -0.04290771484375, -0.0838623046875, 0.04571533203125, -0.0447998046875
0.16448974609375, 0.134735107421875, -0.05517578125, -0.08929443359375, 0.034088134765625, -0.05474853515625
0.1563720703125, 0.14959716796875, -0.029327392578125, -0.096221923828125, 0.027557373046875, -0.0679931640625
0.128173828125, 0.009857177734375, -0.042999267578125, -0.067962646484375, 0.015472412109375, -0.089569091796875
0.127685546875, -0.02691650390625, -0.06640625, -0.062530517578125, 0.012786865234375, -0.09002685546875
0.13275146484375, -0.06085205078125, -0.11627197265625, -0.05633544921875, 0.00579833984375, -0.085906982421875
0.114501953125, -0.065399169921875, -0.146697998046875, -0.074798583984375, -0.01361083984375, -0.07672119140625
0.10546875, -0.067779541015625, -0.1524658203125, -0.079132080078125, -0.018890380859375, -0.075927734375
0.088348388671875, -0.10894775390625, -0.220550537109375, -0.09613037109375, -0.029296875, -0.0743408203125
-0.058868408203125, -0.324005126953125, -0.788726806640625, -0.064697265625, -0.110107421875, -0.05010986328125
-0.176788330078125, -0.5777587890625, -0.979339599609375, 0.046600341796875, -0.232177734375, -0.006317138671875
-0.9998779296875, -0.9998779296875, -0.939788818359375, 0.171112060546875, -0.412689208984375, 0.074371337890625
-0.9998779296875, -0.9998779296875, 0.99566650390625, 0.27911376953125, -0.61785888671875, 0.263153076171875
-0.9998779296875, -0.9998779296875, 0.9998779296875, 0.353759765625, -0.560577392578125, 0.381195068359375
-0.9998779296875, 0.02874755859375, 0.9998779296875, 0.28656005859375, -0.216400146484375, 0.447723388671875
0.01007080078125, 0.9998779296875, -0.44830322265625, -0.166778564453125, 0.123504638671875, 0.02301025390625
-0.062957763671875, 0.296630859375, 0.010650634765625, -0.14715576171875, 0.012481689453125, -0.113800048828125
-0.024688720703125, -0.52752685546875, 0.700408935546875, -0.060211181640625, -0.002593994140625, -0.06634521484375
0.024627685546875, -0.20953369140625, 0.553955078125, 0.029266357421875, 0.046661376953125, 0.028167724609375
0.04058837890625, -0.08795166015625, 0.45880126953125, 0.026458740234375, 0.063446044921875, 0.04278564453125
0.07562255859375, 0.106353759765625, 0.2620849609375, 0.003997802734375, 0.0880126953125, 0.045562744140625
0.11212158203125, 0.104217529296875, -0.099456787109375, -0.04718017578125, 0.083038330078125, -0.007080078125
0.111175537109375, 0.054443359375, -0.124664306640625, -0.05413818359375, 0.069488525390625, -0.02020263671875
0.11077880859375, -0.04559326171875, -0.075958251953125, -0.061065673828125, 0.03851318359375, -0.038177490234375
0.086395263671875, -0.160980224609375, 0.109130859375, -0.06378173828125, 0.005279541015625, -0.0257568359375
0.08758544921875, -0.153594970703125, 0.133453369140625, -0.063873291015625, 0.00177001953125, -0.0218505859375
0.101226806640625, -0.1324462890625, 0.184295654296875, -0.064239501953125, 0.002655029296875, -0.011474609375
0.097259521484375, -0.017303466796875, 0.14752197265625, -0.058685302734375, 0.009002685546875, 0.005126953125
0.0902099609375, 0.039215087890625, 0.149200439453125, -0.054351806640625, 0.006622314453125, 0.00518798828125
0.08782958984375, 0.093719482421875, 0.16754150390625, -0.033355712890625, -0.00164794921875, -0.00384521484375
0.1009521484375, -0.062164306640625, 0.26910400390625, -0.02313232421875, -0.006561279296875, -0.0284423828125
0.102630615234375, -0.085845947265625, 0.279632568359375, -0.029388427734375, -0.002777099609375, -0.027557373046875
0.10919189453125, -0.081878662109375, 0.28375244140625, -0.04656982421875, 0.00677490234375, -0.021514892578125
0.112152099609375, -0.019561767578125, 0.2191162109375, -0.040740966796875, 0.016815185546875, -0.012786865234375
0.1148681640625, -0.0245361328125, 0.2027587890625, -0.030731201171875, 0.014984130859375, -0.012359619140625
0.118408203125, -0.03399658203125, 0.18707275390625, -0.010345458984375, 0.00799560546875, -0.0106201171875

-0.148956298828125, -0.9998779296875, -0.9998779296875, 0.19830322265625, -0.2376708984375, 0.041168212890625
-0.9998779296875, -0.9998779296875, -0.896759033203125, 0.139434814453125, -0.45751953125, 0.177978515625
-0.9998779296875, -0.9998779296875, 0.9998779296875, 0.146148681640625, -0.491790771484375, 0.373138427734375
-0.72509765625, 0.9998779296875, 0.9998779296875, 0.132659912109375, 0.0797119140625, 0.4139404296875
-0.003570556640625, -0.14849853515625, 0.06427001953125, -0.114715576171875, 0.076934814453125, -0.003143310546875
-0.00701904296875, -0.085479736328125, 0.24530029296875, -0.051116943359375, 0.03900146484375, 0.024688720703125
0.01116943359375, 0.0460205078125, 0.572479248046875, -0.01275634765625, 0.049652099609375, 0.0345458984375
0.02386474609375, 0.08319091796875, 0.35394287109375, 0.003326416015625, 0.104034423828125, 0.03912353515625
0.041229248046875, 0.10882568359375, 0.228515625, -0.001708984375, 0.12115478515625, 0.036865234375
0.090789794921875, 0.18377685546875, -0.034423828125, -0.01885986328125, 0.115234375, 0.020965576171875
0.13092041015625, 0.0836181640625, -0.06158447265625, -0.05963134765625, 0.065032958984375, -0.016937255859375
0.130218505859375, 0.06591796875, -0.013824462890625, -0.06793212890625, 0.0545654296875, -0.022003173828125
0.129119873046875, 0.034393310546875, 0.054931640625, -0.081695556640625, 0.045196533203125, -0.0279541015625
0.137664794921875, 0.058197021484375, 0.113739013671875, -0.116058349609375, 0.050445556640625, -0.03253173828125
0.14697265625, 0.071563720703125, 0.1129150390625, -0.1192626953125, 0.05303955078125, -0.034271240234375
0.14239501953125, 0.096435546875, 0.081207275390625, -0.1234130859375, 0.05841064453125, -0.04022216796875
0.141937255859375, -0.002166748046875, -0.042144775390625, -0.100555419921875, 0.052459716796875, -0.053192138671875
0.1474609375, -0.024017333984375, -0.05267333984375, -0.097412109375, 0.04766845703125, -0.05242919921875
0.16033935546875, -0.0142822265625, -0.048980712890625, -0.098297119140625, 0.038482666015625, -0.04595947265625
0.16351318359375, 0.090057373046875, -0.096893310546875, -0.098114013671875, 0.027374267578125, -0.048675537109375
0.15936279296875, 0.090606689453125, -0.122039794921875, -0.098785400390625, 0.0240478515625, -0.05426025390625
0.147705078125, 0.10003662109375, -0.16162109375, -0.1041259765625, 0.014373779296875, -0.065765380859375
0.100860595703125, 0.030548095703125, -0.34222412109375, -0.104949951171875, -0.01513671875, -0.08831787109375
0.06378173828125, 0.006072998046875, -0.39080810546875, -0.134368896484375, -0.03057861328125, -0.091064453125
-0.064239501953125, -0.154296875, -0.819122314453125, -0.08868408203125, -0.080657958984375, -0.083831787109375
-0.9998779296875, -0.9998779296875, -0.9998779296875, 0.125274658203125, -0.46734619140625, 0.00250244140625
-0.9998779296875, -0.9998779296875, -0.398284912109375, 0.12176513671875, -0.563507080078125, 0.11053466796875
-0.9998779296875, -0.9998779296875, 0.9998779296875, 0.18475341796875, -0.642913818359375, 0.320770263671875
-0.9852294921875, 0.659698486328125, 0.9998779296875, 0.37762451171875, -0.069183349609375, 0.453887939453125
-0.559173583984375, 0.9998779296875, 0.984039306640625, 0.262542724609375, 0.0811767578125, 0.391204833984375
0.04693603515625, 0.9998779296875, -0.472015380859375, -0.103546142578125, 0.13092041015625, 0.122222900390625
-0.03033447265625, -0.640625, 0.680145263671875, -0.0234375, 0.025726318359375, -0.07855224609375
-0.009368896484375, -0.56329345703125, 0.499359130859375, 0.046722412109375, 0.060882568359375, 0.008697509765625
0.046112060546875, -0.082061767578125, 0.193450927734375, 0.039886474609375, 0.06695556640625, 0.053131103515625
0.119110107421875, 0.177337646484375, 0.127685546875, 0.01104736328125, 0.0633544921875, 0.0478515625
0.129302978515625, 0.191131591796875, 0.091094970703125, 0.001739501953125, 0.062530517578125, 0.034698486328125
0.125091552734375, 0.172088623046875, 0.020538330078125, -0.005767822265625, 0.054595947265625, 0.006439208984375
0.0963134765625, -0.0264892578125, 0.0216064453125, -0.019195556640625, 0.01739501953125, -0.034393310546875
0.094329833984375, -0.062713623046875, 0.055145263671875, -0.0302734375, 0.0032958984375, -0.03704833984375
0.07666015625, -0.096710205078125, 0.1583251953125, -0.04266357421875, -0.00439453125, -0.031829833984375
0.0823974609375, -0.0816650390625, 0.245758056640625, -0.05157470703125, 0.001251220703125, -0.022796630859375
0.07904052734375, -0.058837890625, 0.228363037109375, -0.0460205078125, 0.00506591796875, -0.02001953125
0.07110595703125, -0.033447265625, 0.16131591796875, -0.031646728515625, 0.006561279296875, -0.020965576171875
0.070281982421875, -0.073089599609375, 0.172760009765625, -0.0177001953125, -0.001800537109375, -0.02545166015625
0.07275390625, -0.09185791015625, 0.183349609375, -0.015228271484375, -0.003997802734375, -0.025634765625
0.081207275390625, -0.10076904296875, 0.215789794921875, -0.012542724609375, -0.0064697265625, -0.02294921875
0.080596923828125, -0.06396484375, 0.255340576171875, -0.018798828125, 0.00103759765625, -0.018280029296875
0.083160400390625, -0.053863525390625, 0.25396728515625, -0.0206298828125, 0.00323486328125, -0.0186767578125
0.085662841796875, -0.04278564453125, 0.25732421875, -0.024444580078125, 0.0067138671875, -0.02099609375
0.089019775390625, -0.03656005859375, 0.26007080078125, -0.038818359375, 0.013824462890625, -0.025482177734375

0.08428955078125, -0.602752685546875, -0.9998779296875, 0.00927734375, 0.039398193359375, -0.07611083984375
-0.35968017578125, -0.9998779296875, -0.9998779296875, 0.250396728515625, -0.158203125, -0.001678466796875
-0.9998779296875, -0.9998779296875, 0.890960693359375, 0.228271484375, -0.64398193359375, 0.404266357421875
-0.9998779296875, -0.9998779296875, 0.9998779296875, 0.1746826171875, -0.560455322265625, 0.579833984375
-0.9998779296875, 0.938995361328125, 0.9998779296875, 0.294921875, -0.126068115234375, 0.574493408203125
-0.042877197265625, 0.9896240234375, -0.474090576171875, -0.205322265625, 0.145263671875, 0.07928466796875
-0.030548095703125, 0.36834716796875, -0.120147705078125, -0.285919189453125, 0.092620849609375, -0.012359619140625
0.007354736328125, -0.156646728515625, 0.393951416015625, -0.27593994140625, 0.03326416015625, -0.03509521484375
0.021942138671875, 0.13665771484375, 0.638153076171875, -0.158538818359375, 0.086883544921875, 0.011962890625
0.024322509765625, 0.174774169921875, 0.5072021484375, -0.141326904296875, 0.1097412109375, 0.009765625
0.0272216796875, 0.19207763671875, 0.224029541015625, -0.08428955078125, 0.13446044921875, -0.000335693359375
0.096893310546875, 0.19677734375, -0.145355224609375, -0.00543212890625, 0.090606689453125, -0.02362060546875
0.11517333984375, 0.18133544921875, -0.136444091796875, -0.006591796875, 0.074249267578125, -0.0384521484375
0.10968017578125, 0.11883544921875, 0.018035888671875, -0.03350830078125, 0.0423583984375, -0.049957275390625
0.102783203125, 0.021575927734375, 0.121002197265625, -0.06671142578125, 0.043212890625, -0.058746337890625
0.10302734375, -0.00421142578125, 0.13372802734375, -0.07904052734375, 0.04742431640625, -0.055267333984375
0.12066650390625, 0.00872802734375, 0.08856201171875, -0.11529541015625, 0.062103271484375, -0.04901123046875
0.131256103515625, 0.08148193359375, -0.017303466796875, -0.12127685546875, 0.064483642578125, -0.0501708984375
0.13043212890625, 0.08331298828125, -0.051239013671875, -0.120269775390625, 0.061553955078125, -0.0548095703125
0.1373291015625, 0.07916259765625, -0.074462890625, -0.122802734375, 0.05023193359375, -0.0645751953125
0.1373291015625, 0.03778076171875, -0.023162841796875, -0.126251220703125, 0.02972412109375, -0.077239990234375
0.131988525390625, 0.03009033203125, -0.0135498046875, -0.132354736328125, 0.02764892578125, -0.079437255859375
0.12371826171875, -0.007171630859375, -0.03857421875, -0.122894287109375, 0.024688720703125, -0.081817626953125
0.11669921875, -0.06597900390625, -0.209228515625, -0.102203369140625, -0.000762939453125, -0.075042724609375
0.108734130859375, -0.079559326171875, -0.272369384765625, -0.1182861328125, -0.026275634765625, -0.0684814453125
0.069854736328125, -0.152496337890625, -0.46282958984375, -0.091796875, -0.06378173828125, -0.05902099609375
-0.196807861328125, -0.444854736328125, -0.925811767578125, 0.002410888671875, -0.171966552734375, -0.036346435546875
-0.43060302734375, -0.6737060546875, -0.9998779296875, 0.039276123046875, -0.23931884765625, -0.025726318359375
-0.9998779296875, -0.9998779296875, -0.953643798828125, 0.16949462890625, -0.419769287109375, 0.019134521484375
-0.9998779296875, -0.9998779296875, 0.9998779296875, 0.33685302734375, -0.6490478515625, 0.245758056640625
-0.9998779296875, -0.9998779296875, 0.9998779296875, 0.3372802734375, -0.611968994140625, 0.288726806640625
-0.9998779296875, -0.82403564453125, 0.9998779296875, 0.28448486328125, -0.32208251953125, 0.392059326171875
-0.07220458984375, 0.9998779296875, 0.13421630859375, -0.18414306640625, 0.14892578125, 0.019866943359375
-0.062896728515625, 0.35888671875, 0.1402587890625, -0.1815185546875, 0.122772216796875, -0.069915771484375
-0.019073486328125, -0.386199951171875, 0.24658203125, -0.119049072265625, 0.08489990234375, -0.111328125
0.0657958984375, -0.272216796875, 0.276153564453125, -0.013458251953125, 0.044464111328125, -0.00274658203125
0.103179931640625, -0.16937255859375, 0.26641845703125, -0.009674072265625, 0.04522705078125, 0.012481689453125
0.11358642578125, -0.06671142578125, 0.195220947265625, -0.002685546875, 0.049774169921875, 0.024383544921875
0.119964599609375, 0.0194091796875, 0.01312255859375, -0.03289794921875, 0.04888916015625, 0.00927734375
0.120330810546875, 0.013214111328125, -0.0023193359375, -0.036865234375, 0.04217529296875, 0.001953125
0.10540771484375, -0.014129638671875, 0.038970947265625, -0.055450439453125, 0.02587890625, -0.01220703125
0.0914306640625, -0.09149169921875, 0.15582275390625, -0.08074951171875, 0.008758544921875, -0.02362060546875
0.090179443359375, -0.09075927734375, 0.182281494140625, -0.086639404296875, 0.008331298828125, -0.022186279296875
0.087982177734375, -0.064239501953125, 0.2054443359375, -0.090301513671875, 0.0108642578125, -0.017791748046875
0.08673095703125, -0.027191162109375, 0.185302734375, -0.065673828125, 0.01470947265625, -0.012908935546875
0.086761474609375, -0.035064697265625, 0.16253662109375, -0.04656982421875, 0.010498046875, -0.0128173828125
0.0933837890625, -0.05511474609375, 0.141265869140625, -0.026275634765625, 0.00360107421875, -0.010345458984375
0.097900390625, -0.073516845703125, 0.171051025390625, -0.015228271484375, -0.009765625, -0.00213623046875
0.099395751953125, -0.064239501953125, 0.19549560546875, -0.017547607421875, -0.011566162109375, -0.0001220703125
0.103118896484375, -0.0345458984375, 0.231353759765625, -0.019134521484375, -0.011993408203125, 0.003692626953125

-0.9998779296875, -0.9998779296875, -0.173919677734375, 0.238372802734375, -0.435699462890625, 0.20135498046875
-0.9998779296875, -0.9998779296875, 0.919677734375, 0.247344970703125, -0.496551513671875, 0.30426025390625
-0.9998779296875, -0.9998779296875, 0.9998779296875, 0.201446533203125, -0.44293212890625, 0.491424560546875
-0.699310302734375, 0.9998779296875, 0.829925537109375, 0.0150146484375, 0.1661376953125, 0.41827392578125
-0.281524658203125, 0.9998779296875, -0.086883544921875, -0.01495361328125, 0.197174072265625, 0.289459228515625
0.01953125, 0.976287841796875, -0.34429931640625, -0.1531982421875, 0.1214599609375, 0.048858642578125
0.001861572265625, 0.207672119140625, 0.656036376953125, -0.257171630859375, 0.022125244140625, -0.07684326171875
-0.016998291015625, 0.23016357421875, 0.75732421875, -0.248199462890625, 0.061279296875, -0.088104248046875
-0.08489990234375, 0.096343994140625, 0.60382080078125, -0.1939697265625, 0.109375, -0.10467529296875
-0.06072998046875, -0.0709228515625, 0.130126953125, -0.05291748046875, 0.1424560546875, -0.091796875
-0.0330810546875, -0.084075927734375, 0.01837158203125, 0.00396728515625, 0.129791259765625, -0.068145751953125
0.02911376953125, -0.056976318359375, -0.144317626953125, 0.02069091796875, 0.1055908203125, -0.0499267578125
0.095123291015625, -0.034423828125, -0.1029052734375, -0.00225830078125, 0.05853271484375, -0.02923583984375
0.109588623046875, -0.019805908203125, -0.075531005859375, -0.0166015625, 0.05194091796875, -0.025665283203125
0.128997802734375, 0.031585693359375, -0.035888671875, -0.0450439453125, 0.045196533203125, -0.020416259765625
0.165496826171875, 0.143280029296875, 0.012451171875, -0.111358642578125, 0.041107177734375, -0.02862548828125
0.165924072265625, 0.161285400390625, 0.000152587890625, -0.103363037109375, 0.0416259765625, -0.03466796875
0.16357421875, 0.134124755859375, -0.077423095703125, -0.0982666015625, 0.04205322265625, -0.05181884765625
0.15655517578125, -0.01849365234375, -0.130828857421875, -0.09527587890625, 0.014617919921875, -0.062164306640625
0.1640625, -0.0054931640625, -0.15338134765625, -0.0919189453125, 0.00885009765625, -0.05877685546875
0.15887451171875, 0.0582275390625, -0.220123291015625, -0.07666015625, -0.005218505859375, -0.05303955078125
0.136810302734375, 0.1331787109375, -0.300567626953125, -0.043426513671875, -0.03924560546875, -0.0634765625
0.1175537109375, 0.065155029296875, -0.288970947265625, -0.0111083984375, -0.058868408203125, -0.066864013671875
0.029876708984375, 0.043243408203125, -0.44744873046875, -0.01263427734375, -0.0858154296875, -0.07208251953125
-0.5196533203125, -0.284515380859375, -0.9998779296875, 0.1053466796875, -0.251434326171875, -0.101287841796875
-0.766265869140625, -0.707061767578125, -0.9998779296875, 0.1436767578125, -0.324249267578125, -0.110687255859375
-0.9998779296875, -0.9998779296875, -0.538330078125, 0.167816162109375, -0.46697998046875, -0.077880859375
-0.9998779296875, -0.9998779296875, 0.9998779296875, 0.186767578125, -0.4599609375, 0.26837158203125
-0.9998779296875, -0.74713134765625, 0.9998779296875, 0.189666748046875, -0.33831787109375, 0.328460693359375
-0.471343994140625, 0.841339111328125, 0.9998779296875, 0.061004638671875, -0.03326416015625, 0.301239013671875
-0.06036376953125, 0.1719970703125, 0.283294677734375, -0.123931884765625, 0.062530517578125, -0.0609130859375
-0.019683837890625, -0.356781005859375, 0.48406982421875, -0.086761474609375, 0.05255126953125, -0.05560302734375
0.012298583984375, -0.3431396484375, 0.47637939453125, -0.01904296875, 0.053070068359375, -0.005767822265625
0.054595947265625, 0.031646728515625, 0.275054931640625, 0.018402099609375, 0.0732421875, 0.049346923828125
0.08502197265625, 0.092437744140625, 0.2047119140625, 0.0155029296875, 0.07708740234375, 0.04620361328125
0.11212158203125, 0.118743896484375, 0.062408447265625, 0.00079345703125, 0.078399658203125, 0.027313232421875
0.119842529296875, 0.025054931640625, -0.0616455078125, -0.033416748046875, 0.047882080078125, -0.017425537109375
0.11328125, -0.0081787109375, -0.043609619140625, -0.04376220703125, 0.037200927734375, -0.02587890625
0.1046142578125, -0.067413330078125, 0.01507568359375, -0.056793212890625, 0.018157958984375, -0.035491943359375
0.089111328125, -0.152801513671875, 0.18896484375, -0.056640625, 0.00115966796875, -0.028167724609375
0.08514404296875, -0.161895751953125, 0.195953369140625, -0.0516357421875, 0.002716064453125, -0.02276611328125
0.078857421875, -0.14288330078125, 0.1798095703125, -0.040740966796875, 0.006439208984375, -0.00927734375
0.08428955078125, -0.064178466796875, 0.152618408203125, -0.021453857421875, 0.003814697265625, 0.00372314453125
0.083648681640625, -0.04608154296875, 0.14935302734375, -0.011016845703125, -0.00079345703125, 0.004150390625
0.095245361328125, -0.02508544921875, 0.173004150390625, -0.0048828125, -0.00653076171875, 0.001220703125
0.11004638671875, -0.056121826171875, 0.23297119140625, -0.0140380859375, -0.007293701171875, -0.00701904296875
0.108123779296875, -0.063446044921875, 0.246185302734375, -0.024078369140625, -0.005035400390625, -0.007965087890625
0.103729248046875, -0.060028076171875, 0.24945068359375, -0.041412353515625, 0.00091552734375, -0.006866455078125
0.116912841796875, -0.04046630859375, 0.22076416015625, -0.046539306640625, 0.006622314453125, -0.006256103515625
0.117584228515625, -0.007598876953125, 0.236114501953125, -0.049560546875, 0.00604248046875, -0.00592041015625

-0.145751953125, -0.46258544921875, -0.91925048828125, -0.04498291015625, 0.07171630859375, -0.103515625
-0.9998779296875, -0.9998779296875, -0.99053955078125, 0.109161376953125, -0.366668701171875, 0.07769775390625
-0.9998779296875, -0.9998779296875, -0.049713134765625, 0.07098388671875, -0.4525146484375, 0.21905517578125
-0.9998779296875, -0.8065185546875, 0.9998779296875, 0.09344482421875, -0.47076416015625, 0.43096923828125
-0.4525146484375, 0.9998779296875, 0.9998779296875, 0.127532958984375, 0.139739990234375, 0.183624267578125
-0.268890380859375, 0.866729736328125, 0.493255615234375, -0.028472900390625, 0.176666259765625, 0.084869384765625
-0.159881591796875, -0.053802490234375, 0.299560546875, -0.213165283203125, 0.173980712890625, -0.029266357421875
-0.07769775390625, -0.226898193359375, 0.2718505859375, -0.10357666015625, 0.118560791015625, 0.036285400390625
-0.049896240234375, -0.012359619140625, 0.185546875, 0.0111083984375, 0.1092529296875, 0.063568115234375
0.022674560546875, 0.12091064453125, 0.20098876953125, 0.0716552734375, 0.080841064453125, 0.07244873046875
0.0902099609375, 0.2177734375, 0.149444580078125, 0.037506103515625, 0.081268310546875, 0.06488037109375
0.107574462890625, 0.26190185546875, 0.126190185546875, 0.019622802734375, 0.08258056640625, 0.056732177734375
0.1259765625, 0.323974609375, 0.07672119140625, -0.016815185546875, 0.083221435546875, 0.028900146484375
0.1085205078125, 0.1259765625, 0.02197265625, -0.059783935546875, 0.063629150390625, -0.026824951171875
0.108123779296875, 0.08203125, 0.045867919921875, -0.0748291015625, 0.057525634765625, -0.032928466796875
0.107574462890625, 0.031768798828125, 0.107177734375, -0.093353271484375, 0.050537109375, -0.036224365234375
0.133697509765625, 0.066802978515625, 0.163604736328125, -0.1121826171875, 0.0673828125, -0.031158447265625
0.139739990234375, 0.132965087890625, 0.096435546875, -0.110931396484375, 0.0726318359375, -0.0338134765625
0.136627197265625, 0.169342041015625, -0.003875732421875, -0.096832275390625, 0.0751953125, -0.04534912109375
0.121246337890625, 0.117401123046875, -0.0870361328125, -0.085418701171875, 0.05706787109375, -0.075042724609375
0.1158447265625, 0.0736083984375, -0.09014892578125, -0.08282470703125, 0.052215576171875, -0.080902099609375
0.1163330078125, -0.016265869140625, -0.11370849609375, -0.0714111328125, 0.044769287109375, -0.084197998046875
0.130462646484375, 0.01971435546875, -0.2197265625, -0.07464599609375, 0.027069091796875, -0.069976806640625
0.101287841796875, 0.0394287109375, -0.250946044921875, -0.07733154296875, 0.0184326171875, -0.06787109375
0.072265625, 0.09661865234375, -0.354583740234375, -0.080902099609375, -0.004547119140625, -0.07550048828125
-0.1505126953125, 0.0123291015625, -0.904449462890625, -0.032623291015625, -0.112030029296875, -0.11590576171875
-0.325592041015625, -0.159881591796875, -0.9998779296875, -0.000091552734375, -0.16259765625, -0.12835693359375
-0.77813720703125, -0.9998779296875, -0.9998779296875, 0.059234619140625, -0.31329345703125, -0.13397216796875
-0.9998779296875, -0.9998779296875, 0.26593017578125, 0.119049072265625, -0.5579833984375, 0.1900634765625
-0.9998779296875, -0.9998779296875, 0.9998779296875, 0.121124267578125, -0.548004150390625, 0.246429443359375
-0.9998779296875, -0.674896240234375, 0.9998779296875, 0.2845458984375, -0.377227783203125, 0.326690673828125
-0.084716796875, 0.9998779296875, 0.6865234375, 0.010894775390625, 0.050140380859375, 0.182037353515625
-0.00543212890625, 0.99798583984375, 0.292999267578125, -0.07208251953125, 0.0841064453125, 0.08880615234375
-0.043121337890625, 0.241485595703125, 0.27264404296875, -0.15679931640625, 0.07244873046875, -0.065338134765625
-0.01605224609375, -0.251251220703125, 0.566314697265625, -0.166595458984375, 0.061920166015625, -0.083892822265625
-0.005859375, -0.2593994140625, 0.51678466796875, -0.145172119140625, 0.072784423828125, -0.068267822265625
0.0294189453125, -0.21405029296875, 0.33447265625, -0.101715087890625, 0.0894775390625, -0.035919189453125
0.083404541015625, -0.0709228515625, 0.061126708984375, -0.042816162109375, 0.075775146484375, 0.0045166015625
0.0877685546875, -0.040313720703125, 0.010467529296875, -0.033477783203125, 0.06573486328125, 0.0084228515625
0.102142333984375, 0.030914306640625, -0.05181884765625, -0.021942138671875, 0.04046630859375, 0.009246826171875
0.070343017578125, 0.02880859375, 0.101165771484375, 0.00543212890625, -0.02239990234375, -0.01995849609375
0.06011962890625, -0.050567626953125, 0.205108642578125, -0.001617431640625, -0.02374267578125, -0.0233154296875
0.05804443359375, -0.09014892578125, 0.26983642578125, -0.01422119140625, -0.018310546875, -0.02130126953125
0.055999755859375, -0.050048828125, 0.260528564453125, -0.026824951171875, 0.005889892578125, -0.006866455078125
0.04547119140625, -0.027557373046875, 0.228973388671875, -0.028106689453125, 0.010711669921875, -0.004547119140625
0.05157470703125, -0.010711669921875, 0.18621826171875, 0.000091552734375, 0.011962890625, -0.00555419921875
0.0677490234375, -0.00640869140625, 0.177337646484375, -0.001708984375, 0.001373291015625, -0.011749267578125
0.069915771484375, -0.018463134765625, 0.1793212890625, 0.0029296875, -0.00140380859375, -0.013641357421875
0.072662353515625, -0.062530517578125, 0.19964599609375, 0.00634765625, -0.007843017578125, -0.013580322265625
0.070343017578125, -0.06988525390625, 0.220245361328125, 0.017913818359375, -0.009368896484375, -0.006103515625

-0.5283203125, -0.9998779296875, -0.9998779296875, 0.1715087890625, -0.157623291015625, 0.04638671875
-0.972930908203125, -0.9998779296875, -0.9998779296875, 0.128753662109375, -0.30682373046875, 0.083251953125
-0.9998779296875, -0.9998779296875, 0.27801513671875, 0.100799560546875, -0.49078369140625, 0.30908203125
-0.9998779296875, 0.9998779296875, 0.9998779296875, 0.091583251953125, -0.1888427734375, 0.53778076171875
-0.7845458984375, 0.9998779296875, 0.9998779296875, 0.11669921875, 0.03289794921875, 0.445068359375
-0.332611083984375, 0.9998779296875, 0.299102783203125, 0.089263916015625, 0.23284912109375, 0.166107177734375
-0.00555419921875, -0.380401611328125, 0.126373291015625, -0.099395751953125, 0.061798095703125, -0.008148193359375
-0.009765625, -0.23150634765625, 0.480926513671875, -0.098358154296875, 0.025604248046875, 0.017791748046875
-0.00634765625, 0.219482421875, 0.9130859375, -0.08612060546875, 0.074066162109375, 0.028076171875
-0.001434326171875, 0.240875244140625, 0.100921630859375, -0.060150146484375, 0.160400390625, -0.006317138671875
0.025970458984375, 0.233978271484375, -0.019683837890625, -0.05438232421875, 0.154754638671875, -0.016754150390625
0.057647705078125, 0.202239990234375, -0.135650634765625, -0.0406494140625, 0.127227783203125, -0.036163330078125
0.075653076171875, 0.041229248046875, -0.09124755859375, -0.015777587890625, 0.06756591796875, -0.06036376953125
0.086181640625, 0.021087646484375, -0.04150390625, -0.018310546875, 0.057891845703125, -0.060150146484375
0.093292236328125, -0.005767822265625, 0.042877197265625, -0.03692626953125, 0.050445556640625, -0.056915283203125
0.128448486328125, -0.0130615234375, 0.008544921875, -0.073486328125, 0.069976806640625, -0.040008544921875
0.12744140625, 0.023529052734375, -0.00384521484375, -0.089569091796875, 0.072052001953125, -0.03765869140625
0.132293701171875, 0.0546875, -0.056640625, -0.105743408203125, 0.0736083984375, -0.0399169921875
0.12957763671875, 0.048858642578125, -0.1083984375, -0.12457275390625, 0.063720703125, -0.056060791015625
0.129241943359375, 0.045318603515625, -0.159271240234375, -0.11962890625, 0.060211181640625, -0.058319091796875
0.120635986328125, 0.0328369140625, -0.205810546875, -0.110687255859375, 0.049591064453125, -0.0621337890625
0.103240966796875, 0.02203369140625, -0.249420166015625, -0.108306884765625, 0.0238037109375, -0.06707763671875
0.098602294921875, 0.044677734375, -0.319915771484375, -0.109375, 0.0172119140625, -0.0684814453125
0.0723876953125, 0.061614990234375, -0.623504638671875, -0.106231689453125, -0.01190185546875, -0.068084716796875
-0.524627685546875, -0.31982421875, -0.9998779296875, 0.077484130859375, -0.253448486328125, -0.113861083984375
-0.8895263671875, -0.84710693359375, -0.9998779296875, 0.09698486328125, -0.34930419921875, -0.127960205078125
-0.9998779296875, -0.9998779296875, -0.63201904296875, 0.10443115234375, -0.502593994140625, -0.04876708984375
-0.9998779296875, -0.9998779296875, 0.9998779296875, 0.195892333984375, -0.359100341796875, 0.339447021484375
-0.8511962890625, 0.232879638671875, 0.9998779296875, 0.2596435546875, -0.18707275390625, 0.354339599609375
-0.200286865234375, 0.9998779296875, 0.9998779296875, 0.102691650390625, 0.0557861328125, 0.23822021484375
-0.026031494140625, -0.302154541015625, 0.09869384765625, -0.140655517578125, 0.084197998046875, -0.08966064453125
0.01177978515625, -0.546112060546875, 0.235137939453125, -0.10107421875, 0.052886962890625, -0.08135986328125
0.055694580078125, -0.552490234375, 0.432861328125, -0.02532958984375, 0.026702880859375, -0.011688232421875
0.10247802734375, 0.095977783203125, 0.190155029296875, 0.00775146484375, 0.048614501953125, 0.078216552734375
0.12908935546875, 0.231231689453125, 0.1055908203125, -0.00323486328125, 0.048187255859375, 0.0732421875
0.169830322265625, 0.32647705078125, 0.023651123046875, -0.006103515625, 0.034027099609375, 0.03961181640625
0.099822998046875, -0.09161376953125, 0.1776123046875, -0.055816650390625, 0.01776123046875, -0.01129150390625
0.09814453125, -0.058502197265625, 0.154815673828125, -0.051849365234375, 0.0174560546875, -0.006927490234375
0.09423828125, -0.022674560546875, 0.1219482421875, -0.035491943359375, 0.010711669921875, -0.003997802734375
0.08526611328125, -0.038177490234375, 0.150360107421875, -0.004150390625, -0.01116943359375, -0.00537109375
0.08758544921875, -0.045257568359375, 0.1766357421875, -0.000152587890625, -0.01458740234375, -0.00555419921875
0.085052490234375, -0.061492919921875, 0.208740234375, 0.00311279296875, -0.016082763671875, -0.004486083984375
0.092559814453125, -0.0406494140625, 0.241058349609375, -0.00946044921875, -0.010040283203125, -0.002044677734375
0.1044921875, -0.0421142578125, 0.2393798828125, -0.01068115234375, -0.00762939453125, -0.002532958984375
0.099334716796875, -0.042022705078125, 0.21636962890625, -0.01202392578125, -0.002532958984375, -0.0025634765625
0.097564697265625, -0.0145263671875, 0.19921875, -0.016082763671875, -0.006011962890625, -0.0032958984375
0.0963134765625, -0.011260986328125, 0.203887939453125, -0.013824462890625, -0.00799560546875, -0.00469970703125
0.097076416015625, -0.0150146484375, 0.236541748046875, -0.00537109375, -0.01251220703125, -0.006683349609375
0.086334228515625, -0.0213623046875, 0.26470947265625, 0.000823974609375, -0.007659912109375, -0.00921630859375
0.085235595703125, -0.022552490234375, 0.2679443359375, -0.003021240234375, -0.005615234375, -0.010223388671875

0.002105712890625, -0.921600341796875, -0.9998779296875, 0.11920166015625, -0.15350341796875, 0.003814697265625
-0.975555419921875, -0.9998779296875, -0.9998779296875, 0.16705322265625, -0.476287841796875, 0.125213623046875
-0.9998779296875, -0.9998779296875, 0.9998779296875, 0.140289306640625, -0.62677001953125, 0.32452392578125
-0.9998779296875, 0.9998779296875, 0.9998779296875, -0.214385986328125, -0.19769287109375, 0.51531982421875
-0.9998779296875, 0.9998779296875, 0.9998779296875, -0.235687255859375, 0.146759033203125, 0.444488525390625
-0.652587890625, 0.9998779296875, -0.331390380859375, -0.03936767578125, 0.357025146484375, 0.158416748046875
-0.098297119140625, -0.012420654296875, 0.1278076171875, -0.008819580078125, 0.122406005859375, 0.00213623046875
-0.06201171875, 0.14752197265625, 0.3609619140625, -0.00244140625, 0.10418701171875, 0.01947021484375
-0.0224609375, 0.39837646484375, 0.411346435546875, 0.017852783203125, 0.11163330078125, 0.02801513671875
0.010833740234375, 0.403900146484375, 0.178924560546875, 0.014923095703125, 0.13330078125, -0.032684326171875
0.005157470703125, 0.33123779296875, 0.071533203125, 0.009307861328125, 0.13690185546875, -0.046600341796875
0.009979248046875, 0.19207763671875, -0.10711669921875, -0.0152587890625, 0.131988525390625, -0.067535400390625
0.035858154296875, -0.073883056640625, -0.05108642578125, -0.063140869140625, 0.07080078125, -0.08099365234375
0.046875, -0.11370849609375, 0.0042724609375, -0.068878173828125, 0.063934326171875, -0.076141357421875
0.08343505859375, -0.121002197265625, 0.08013916015625, -0.079376220703125, 0.062774658203125, -0.058746337890625
0.122100830078125, 0.026336669921875, -0.03973388671875, -0.079315185546875, 0.079010009765625, -0.031341552734375
0.12799072265625, 0.046173095703125, -0.0980224609375, -0.0784912109375, 0.077972412109375, -0.031036376953125
0.13775634765625, 0.10882568359375, -0.1483154296875, -0.121795654296875, 0.06793212890625, -0.039581298828125
0.122406005859375, 0.070068359375, -0.1456298828125, -0.13720703125, 0.041290283203125, -0.0660400390625
0.114166259765625, 0.046875, -0.14361572265625, -0.137786865234375, 0.035400390625, -0.07000732421875
0.10247802734375, 0.0413818359375, -0.121673583984375, -0.14703369140625, 0.0242919921875, -0.072967529296875
0.08441162109375, -0.00897216796875, -0.298583984375, -0.125701904296875, 0.00274658203125, -0.079010009765625
0.065460205078125, 0.053192138671875, -0.401611328125, -0.135162353515625, -0.0283203125, -0.08111572265625
-0.2156982421875, -0.126953125, -0.9998779296875, -0.005157470703125, -0.12774658203125, -0.083526611328125
-0.9998779296875, -0.9998779296875, -0.9998779296875, 0.09942626953125, -0.520172119140625, 0.016754150390625
-0.9998779296875, -0.9998779296875, -0.13812255859375, 0.112640380859375, -0.639251708984375, 0.25274658203125
-0.9998779296875, -0.9998779296875, 0.9998779296875, 0.2249755859375, -0.537994384765625, 0.434234619140625
-0.457672119140625, 0.9998779296875, 0.9998779296875, 0.211578369140625, 0.017120361328125, 0.3828125
-0.122314453125, 0.9998779296875, 0.82684326171875, -0.0040283203125, 0.13873291015625, 0.256011962890625
-0.093292236328125, 0.79644775390625, 0.099822998046875, -0.249298095703125, 0.1728515625, -0.05322265625
0.029296875, -0.570587158203125, 0.313629150390625, -0.11688232421875, 0.09649658203125, -0.074798583984375
0.048004150390625, -0.395294189453125, 0.233245849609375, -0.07794189453125, 0.095001220703125, -0.002471923828125
0.139068603515625, 0.031280517578125, -0.1260986328125, -0.03857421875, 0.076385498046875, 0.02386474609375
0.19293212890625, 0.251617431640625, -0.094970703125, -0.01031494140625, 0.00299072265625, -0.00579833984375
0.170257568359375, 0.21759033203125, -0.0426025390625, -0.001678466796875, -0.01129150390625, -0.019622802734375
0.133148193359375, 0.120849609375, 0.067596435546875, 0.00030517578125, -0.029815673828125, -0.0404052734375
0.0718994140625, -0.104949951171875, 0.23779296875, -0.02374267578125, -0.025848388671875, -0.045379638671875
0.064727783203125, -0.06072998046875, 0.19842529296875, -0.019805908203125, -0.00372314453125, -0.006378173828125
0.06494140625, -0.0299072265625, 0.1875, -0.036285400390625, -0.004974365234375, -0.004425048828125
0.0631103515625, 0.011962890625, 0.180206298828125, -0.030914306640625, -0.011566162109375, -0.004913330078125
0.052337646484375, -0.077880859375, 0.19549560546875, 0.005126953125, -0.030303955078125, -0.00909423828125
0.052642822265625, -0.101226806640625, 0.213287353515625, 0.00482177734375, -0.034210205078125, -0.005706787109375
0.062225341796875, -0.1185302734375, 0.285736083984375, -0.005462646484375, -0.0321044921875, 0.002655029296875
0.070343017578125, -0.020294189453125, 0.29608154296875, -0.013427734375, -0.015838623046875, 0.01824951171875
0.066741943359375, 0.0048828125, 0.275909423828125, -0.01556396484375, -0.0120849609375, 0.018585205078125
0.068359375, 0.003173828125, 0.22314453125, -0.011688232421875, -0.008575439453125, 0.0147705078125
0.064727783203125, -0.030303955078125, 0.22540283203125, -0.02764892578125, -0.014739990234375, 0.010284423828125
0.064117431640625, -0.025848388671875, 0.244171142578125, -0.0296630859375, -0.0164794921875, 0.012451171875
0.06292724609375, 0.0135498046875, 0.2786865234375, -0.02276611328125, -0.017181396484375, 0.017913818359375
0.06207275390625, 0.062347412109375, 0.28204345703125, 0.002166748046875, -0.011932373046875, 0.016876220703125

